0 0.390625 0.834259 0.385937 0.835185 0.386458 0.836111 0.385937 0.837037 0.382292 0.837037 0.376042 0.840741 0.371354 0.856481 0.372396 0.864815 0.373437 0.866667 0.374479 0.872222 0.381250 0.875926 0.382812 0.875000 0.384896 0.876852 0.389062 0.877778 0.392708 0.871296 0.392708 0.869444 0.395833 0.864815 0.395313 0.849074
0 0.415625 0.800926 0.410938 0.805556 0.408854 0.822222 0.413542 0.848148 0.414583 0.868519 0.416667 0.872222 0.418229 0.908333 0.422917 0.916667 0.430208 0.912963 0.435417 0.914815 0.446354 0.934259 0.460417 0.933333 0.472396 0.915741 0.476562 0.818519 0.469792 0.804630 0.459896 0.795370 0.434375 0.802778 0.430208 0.799074
0 0.553646 0.737963 0.550521 0.741667 0.550521 0.743519 0.547917 0.747222 0.546875 0.750000 0.546875 0.751852 0.545833 0.753704 0.545833 0.755556 0.544792 0.758333 0.545312 0.770370 0.548438 0.774074 0.548958 0.773148 0.551042 0.775926 0.556771 0.776852 0.559896 0.770370 0.560417 0.767593 0.562500 0.763889 0.561979 0.762963 0.563021 0.758333 0.563021 0.750926 0.563542 0.749074 0.560937 0.740741 0.555729 0.738889 0.555208 0.737963 0.554167 0.738889
0 0.201563 0.709259 0.196875 0.744444 0.199479 0.810185 0.254167 0.837037 0.267188 0.868519 0.263021 0.881481 0.251563 0.857407 0.234375 0.845370 0.191146 0.836111 0.182292 0.856481 0.184896 0.909259 0.219271 0.986111 0.263021 0.998148 0.279167 0.958333 0.279167 0.923148 0.307292 0.911111 0.329688 0.865741 0.322396 0.775926 0.297396 0.725926 0.281250 0.725000 0.241667 0.766667 0.217708 0.707407
0 0.354687 0.597222 0.353125 0.600000 0.351562 0.600000 0.351042 0.605556 0.349479 0.609259 0.349479 0.618519 0.350000 0.619444 0.350000 0.624074 0.354687 0.632407 0.361979 0.631481 0.362500 0.628704 0.365625 0.622222 0.365625 0.617593 0.366667 0.614815 0.366667 0.607407 0.361979 0.599074 0.358333 0.599074 0.356771 0.596296 0.356250 0.597222
0 0.191146 0.557407 0.183854 0.568519 0.178125 0.569444 0.174479 0.586111 0.167708 0.597222 0.155729 0.598148 0.149479 0.605556 0.146875 0.633333 0.140625 0.650926 0.141146 0.666667 0.138542 0.671296 0.139063 0.687963 0.147917 0.706481 0.156250 0.711111 0.165104 0.724074 0.179167 0.732407 0.186979 0.730556 0.190625 0.724074 0.190104 0.712963 0.181250 0.682407 0.181250 0.652778 0.207292 0.634259 0.215625 0.617593 0.213542 0.596296 0.200521 0.569444
0 0.390625 0.543519 0.384375 0.621296 0.377604 0.645370 0.378125 0.659259 0.385937 0.671296 0.388542 0.695370 0.395313 0.700000 0.405208 0.684259 0.428646 0.695370 0.439583 0.687037 0.449479 0.705556 0.475000 0.701852 0.478125 0.688889 0.478125 0.650926 0.493750 0.599074 0.491667 0.589815 0.479167 0.567593 0.470313 0.562037 0.455729 0.568519 0.434896 0.556481 0.419792 0.558333 0.409896 0.534259
0 0.606250 0.348148 0.605729 0.349074 0.604167 0.349074 0.603646 0.350926 0.598958 0.352778 0.598958 0.354630 0.595313 0.362037 0.595313 0.368519 0.595833 0.369444 0.595833 0.373148 0.599479 0.379630 0.601042 0.379630 0.601562 0.380556 0.602604 0.379630 0.607812 0.380556 0.608333 0.377778 0.609896 0.375000 0.609896 0.373148 0.609375 0.372222 0.608854 0.352778
0 0.662500 0.184259 0.651042 0.173148 0.642708 0.174074 0.642188 0.175000 0.639583 0.175000 0.639062 0.176852 0.639583 0.177778 0.637500 0.184259 0.638021 0.185185 0.636458 0.189815 0.636458 0.191667 0.642188 0.208333 0.643229 0.209259 0.643750 0.208333 0.648958 0.208333 0.649479 0.209259 0.650521 0.208333 0.654687 0.208333 0.656771 0.204630 0.660417 0.200926 0.661458 0.196296 0.660937 0.194444 0.662500 0.187037 0.661979 0.185185
0 0.334896 0.147222 0.315104 0.190741 0.301042 0.262037 0.282292 0.280556 0.253125 0.348148 0.255729 0.453704 0.293750 0.483333 0.322396 0.468519 0.338021 0.484259 0.350521 0.464815 0.346875 0.516667 0.366146 0.557407 0.397917 0.512963 0.407813 0.479630 0.405729 0.439815 0.421875 0.412963 0.455729 0.452778 0.463542 0.515741 0.479687 0.553704 0.498958 0.524074 0.514583 0.526852 0.540625 0.434259 0.533333 0.278704 0.473438 0.227778 0.460417 0.154630 0.419271 0.099074 0.379688 0.128704 0.363021 0.201852 0.349479 0.187037 0.342708 0.145370
0 0.522917 0.000926 0.519792 0.005556 0.510417 0.031481 0.511458 0.050000 0.515625 0.057407 0.511979 0.065741 0.513021 0.084259 0.526042 0.109259 0.539583 0.111111 0.546875 0.099074 0.551042 0.071296 0.559375 0.051852 0.556771 0.050926 0.559375 0.050000 0.549479 0.032407 0.543229 0.008333 0.539062 0.000926
0 0.367708 0.000000 0.370833 0.007407 0.371354 0.017593 0.376563 0.026852 0.384896 0.032407 0.395833 0.030556 0.405729 0.044444 0.414062 0.043519 0.419271 0.039815 0.430729 0.008333 0.440104 0.000000
0 0.317708 0.000000 0.323958 0.011111 0.325000 0.011111 0.329167 0.018519 0.333333 0.018519 0.333854 0.019444 0.334896 0.018519 0.336979 0.018519 0.336979 0.013889 0.336458 0.012037 0.338021 0.006481 0.338021 0.003704 0.339062 0.000000