0 0.454688 0.942593 0.451562 0.945370 0.447917 0.934259 0.441667 0.939815 0.433854 0.933333 0.433854 0.940741 0.432812 0.936111 0.426042 0.940741 0.427604 0.955556 0.423958 0.945370 0.419792 0.960185 0.429167 0.959259 0.426042 0.972222 0.423438 0.962963 0.424479 0.978704 0.419271 0.962963 0.418229 0.971296 0.421875 0.974074 0.417708 0.976852 0.419792 0.990741 0.417187 0.987963 0.417187 0.997222 0.424479 0.999074 0.422396 0.995370 0.424479 0.993519 0.426042 0.999074 0.427604 0.995370 0.441146 0.999074 0.442708 0.993519 0.443229 0.999074 0.446875 0.999074 0.448437 0.982407 0.451042 0.982407 0.448958 0.979630 0.451562 0.980556 0.453125 0.972222 0.447396 0.966667 0.452604 0.965741 0.453646 0.970370 0.456250 0.960185 0.454167 0.955556 0.457292 0.956481
0 0.343750 0.903704 0.343750 0.905556 0.343229 0.906481 0.342187 0.905556 0.342187 0.908333 0.341667 0.909259 0.341146 0.908333 0.342187 0.910185 0.341667 0.911111 0.340104 0.910185 0.340104 0.912037 0.341667 0.912037 0.342708 0.914815 0.342187 0.915741 0.342708 0.914815 0.344271 0.917593 0.344271 0.919444 0.343750 0.920370 0.342708 0.918519 0.343229 0.919444 0.341146 0.923148 0.342187 0.925000 0.341667 0.926852 0.342708 0.928704 0.343750 0.935185 0.344271 0.934259 0.344792 0.937037 0.345833 0.937037 0.344792 0.935185 0.345313 0.933333 0.345833 0.934259 0.346354 0.933333 0.345313 0.930556 0.345833 0.928704 0.345313 0.930556 0.343229 0.925926 0.342708 0.926852 0.342187 0.925926 0.342187 0.923148 0.343750 0.922222 0.344792 0.924074 0.344792 0.925926 0.345833 0.925926 0.346875 0.927778 0.346875 0.929630 0.347396 0.927778 0.346875 0.925000 0.346354 0.926852 0.344792 0.924074 0.344271 0.920370 0.344792 0.917593 0.344271 0.915741 0.343750 0.916667 0.343229 0.915741 0.344792 0.912037 0.344271 0.912963 0.343229 0.908333 0.342708 0.910185 0.341667 0.909259 0.343750 0.905556
0 0.611458 0.894444 0.611979 0.895370 0.609375 0.899074 0.610417 0.899074 0.610938 0.900000 0.610417 0.900926 0.610938 0.900000 0.610417 0.897222 0.610938 0.896296 0.612500 0.897222 0.611979 0.898148 0.612500 0.901852 0.613021 0.900000 0.613542 0.900926 0.613542 0.902778 0.612500 0.903704 0.612500 0.905556 0.613021 0.905556 0.613542 0.903704 0.614062 0.904630 0.613542 0.910185 0.614062 0.910185 0.613542 0.909259 0.614583 0.908333 0.614062 0.906481 0.614583 0.905556 0.614062 0.904630 0.615625 0.902778 0.617188 0.904630 0.616146 0.905556 0.617188 0.904630 0.617708 0.906481 0.616146 0.910185 0.617188 0.908333 0.618229 0.910185 0.616667 0.912037 0.617708 0.911111 0.618229 0.913889 0.618229 0.908333 0.617708 0.909259 0.617188 0.908333 0.618229 0.904630 0.617188 0.903704 0.616667 0.900926 0.616667 0.902778 0.616146 0.903704 0.615104 0.900000 0.615625 0.897222 0.614583 0.896296 0.613542 0.897222
0 0.393229 0.892593 0.391667 0.893519 0.391667 0.894444 0.392188 0.893519 0.392708 0.894444 0.392708 0.895370 0.391667 0.896296 0.393229 0.895370 0.393750 0.896296 0.393229 0.897222 0.393750 0.899074 0.393229 0.900000 0.392188 0.899074 0.392188 0.900000 0.390625 0.901852 0.390625 0.903704 0.391146 0.904630 0.390104 0.906481 0.392188 0.907407 0.392708 0.908333 0.392188 0.909259 0.393750 0.906481 0.393229 0.904630 0.393750 0.903704 0.394271 0.903704 0.394792 0.905556 0.395833 0.904630 0.394792 0.903704 0.395313 0.901852 0.394792 0.901852 0.393750 0.903704 0.392708 0.902778 0.394271 0.897222 0.395313 0.900000 0.394792 0.898148 0.395313 0.897222 0.395833 0.898148 0.395313 0.897222 0.395833 0.896296 0.394792 0.895370 0.394271 0.897222 0.392188 0.893519
0 0.308854 0.887037 0.307812 0.896296 0.298438 0.878704 0.296354 0.886111 0.273438 0.875926 0.267188 0.897222 0.271875 0.894444 0.274479 0.905556 0.267188 0.900000 0.271354 0.913889 0.266146 0.909259 0.263021 0.945370 0.267708 0.948148 0.263542 0.951852 0.266667 0.963889 0.259896 0.962963 0.254688 0.974074 0.257292 0.987963 0.253646 0.975926 0.247396 0.998148 0.252604 0.998148 0.252604 0.987037 0.254167 0.999074 0.276042 0.998148 0.267188 0.956481 0.275000 0.962963 0.284896 0.941667 0.293229 0.939815 0.292708 0.927778 0.294271 0.938889 0.305729 0.925000 0.303125 0.912963 0.308854 0.915741 0.311979 0.904630
0 0.584375 0.868519 0.583854 0.868519 0.584375 0.869444 0.583854 0.870370 0.582812 0.869444 0.581771 0.869444 0.581250 0.870370 0.580729 0.869444 0.579688 0.872222 0.578646 0.869444 0.578125 0.870370 0.577604 0.869444 0.577083 0.870370 0.575521 0.870370 0.575000 0.871296 0.575521 0.872222 0.574479 0.874074 0.573958 0.874074 0.573438 0.872222 0.572396 0.875926 0.572917 0.877778 0.574479 0.878704 0.575521 0.880556 0.575521 0.879630 0.574479 0.878704 0.575521 0.875926 0.576042 0.877778 0.577604 0.876852 0.578125 0.877778 0.578125 0.879630 0.578125 0.878704 0.578646 0.877778 0.579167 0.878704 0.579688 0.876852 0.580729 0.877778 0.579688 0.875000 0.578646 0.874074 0.579688 0.873148 0.580729 0.870370 0.582292 0.870370 0.582812 0.871296 0.581771 0.873148 0.581250 0.872222 0.582292 0.875000 0.582812 0.874074 0.583854 0.875000 0.582812 0.872222 0.583333 0.871296 0.584375 0.871296
0 0.372917 0.862963 0.372917 0.864815 0.372396 0.865741 0.373958 0.867593 0.372917 0.869444 0.371354 0.867593 0.372917 0.869444 0.372917 0.871296 0.373437 0.868519 0.373958 0.867593 0.374479 0.868519 0.374479 0.871296 0.375000 0.872222 0.373437 0.875926 0.374479 0.875000 0.375000 0.876852 0.376042 0.876852 0.376563 0.878704 0.375000 0.881481 0.375521 0.881481 0.376042 0.879630 0.376563 0.881481 0.377604 0.882407 0.377604 0.883333 0.377083 0.880556 0.376042 0.879630 0.377604 0.876852 0.376563 0.875926 0.378125 0.874074 0.377604 0.872222 0.378125 0.871296 0.376042 0.866667 0.376563 0.865741 0.376042 0.863889 0.376563 0.862963 0.377604 0.862963 0.376563 0.862037 0.375521 0.863889 0.374479 0.862963 0.375000 0.865741 0.373958 0.867593 0.372917 0.864815 0.373437 0.862963
0 0.535417 0.880556 0.533333 0.937037 0.555729 0.967593 0.585938 0.950000 0.548958 0.950000 0.561979 0.916667 0.579167 0.951852 0.589583 0.934259 0.589583 0.957407 0.611458 0.922222 0.590104 0.875000 0.580208 0.930556 0.577083 0.880556 0.555208 0.893519 0.569792 0.866667
0 0.368750 0.848148 0.379688 0.875000 0.386979 0.867593 0.382292 0.887963 0.390625 0.880556 0.381250 0.899074 0.367708 0.850926 0.368229 0.867593 0.360938 0.854630 0.355208 0.862963 0.360417 0.872222 0.352083 0.875000 0.352083 0.904630 0.344271 0.901852 0.346875 0.940741 0.355208 0.934259 0.357292 0.951852 0.356771 0.941667 0.376042 0.943519 0.373437 0.925000 0.373437 0.937963 0.378646 0.932407 0.367708 0.933333 0.367708 0.905556 0.375000 0.919444 0.372396 0.903704 0.379167 0.895370 0.378125 0.912963 0.383333 0.896296 0.380208 0.925926 0.388021 0.916667 0.381250 0.912963 0.389062 0.904630 0.385937 0.890741 0.399479 0.886111
0 0.029687 0.800926 0.008333 0.810185 0.014063 0.815741 0.007812 0.831481 0.013021 0.836111 0.011979 0.849074 0.007812 0.823148 0.002604 0.823148 0.007292 0.838889 0.001042 0.847222 0.004167 0.832407 0.000000 0.831481 0.000000 0.859259 0.003646 0.850000 0.008333 0.858333 0.003125 0.860185 0.006771 0.873148 0.002083 0.878704 0.000000 0.865741 0.000000 0.879630 0.010417 0.877778 0.015104 0.860185 0.018229 0.869444 0.027083 0.860185 0.025000 0.844444 0.031771 0.850000 0.032813 0.822222 0.027604 0.818519 0.032292 0.822222 0.025000 0.835185 0.027604 0.827778 0.022396 0.823148 0.030208 0.813889 0.022396 0.822222 0.019792 0.812037 0.025000 0.803704 0.026562 0.810185 0.026042 0.801852 0.031250 0.810185
0 0.020313 0.788889 0.015625 0.786111 0.014583 0.789815 0.013542 0.784259 0.011979 0.788889 0.011979 0.785185 0.010417 0.787037 0.009896 0.784259 0.012500 0.782407 0.007812 0.778704 0.010937 0.782407 0.006771 0.784259 0.006250 0.777778 0.002604 0.780556 0.000000 0.777778 0.000000 0.780556 0.001042 0.778704 0.002604 0.781481 0.000000 0.782407 0.000000 0.787963 0.001563 0.788889 0.001042 0.783333 0.003646 0.779630 0.006250 0.784259 0.003646 0.793519 0.002083 0.794444 0.000000 0.789815 0.000000 0.794444 0.002604 0.796296 0.002604 0.800926 0.001042 0.800926 0.002083 0.805556 0.000000 0.807407 0.000000 0.813889 0.001563 0.813889 0.000000 0.823148 0.002083 0.820370 0.003125 0.812037 0.003125 0.818519 0.006250 0.818519 0.003646 0.812963 0.006771 0.810185 0.007292 0.800926 0.011979 0.800000 0.011979 0.805556 0.013542 0.797222 0.017708 0.797222 0.015104 0.790741 0.016667 0.787037 0.018750 0.797222 0.020833 0.798148 0.020833 0.793519 0.018229 0.791667
0 0.241667 0.747222 0.261458 0.828704 0.330729 0.844444 0.343750 0.742593 0.351042 0.788889 0.375000 0.756481 0.350521 0.802778 0.366667 0.840741 0.383854 0.779630 0.381771 0.828704 0.390104 0.793519 0.408333 0.829630 0.450521 0.749074 0.433854 0.697222 0.372396 0.704630 0.372396 0.750000 0.356771 0.691667 0.342187 0.735185 0.326562 0.658333 0.288542 0.704630 0.258333 0.683333
0 0.199479 0.647222 0.202083 0.652778 0.197396 0.662037 0.192188 0.646296 0.191667 0.652778 0.184375 0.651852 0.185417 0.661111 0.182292 0.653704 0.179167 0.662037 0.179688 0.655556 0.175521 0.658333 0.176563 0.669444 0.171875 0.667593 0.175000 0.675926 0.169792 0.675000 0.169792 0.683333 0.179167 0.684259 0.174479 0.676852 0.180208 0.661111 0.179688 0.675926 0.184896 0.679630 0.178125 0.687963 0.184375 0.687037 0.181771 0.697222 0.183854 0.691667 0.186979 0.697222 0.184896 0.685185 0.188542 0.700926 0.191146 0.694444 0.194792 0.700000 0.196354 0.687963 0.202604 0.695370 0.201042 0.684259 0.194271 0.685185 0.198437 0.671296 0.206250 0.669444 0.201042 0.682407 0.203646 0.692593 0.204167 0.679630 0.207292 0.685185 0.209896 0.675926 0.206250 0.653704 0.200521 0.661111
0 0.003125 0.654630 0.000000 0.741667 0.027083 0.748148 0.026562 0.762037 0.036458 0.733333 0.048438 0.755556 0.046875 0.732407 0.060937 0.728704 0.055208 0.681481 0.046875 0.670370 0.036979 0.687037 0.036458 0.662963 0.023438 0.654630 0.023438 0.681481 0.036979 0.675926 0.033333 0.705556 0.018750 0.664815 0.029167 0.645370 0.015104 0.646296 0.019792 0.666667 0.010937 0.676852 0.010937 0.647222
0 0.483854 0.632407 0.484375 0.634259 0.482812 0.636111 0.481771 0.635185 0.481250 0.636111 0.481771 0.638889 0.480729 0.640741 0.479687 0.638889 0.478646 0.639815 0.477604 0.638889 0.478646 0.640741 0.477604 0.642593 0.477083 0.641667 0.476042 0.644444 0.475000 0.643519 0.475521 0.645370 0.476042 0.644444 0.476562 0.645370 0.476042 0.648148 0.475000 0.647222 0.476042 0.649074 0.475521 0.651852 0.476042 0.650926 0.476562 0.651852 0.475000 0.655556 0.476562 0.652778 0.476562 0.650926 0.478125 0.650000 0.477604 0.650926 0.477083 0.650000 0.478125 0.645370 0.476042 0.644444 0.477604 0.642593 0.478125 0.643519 0.478646 0.640741 0.481250 0.641667 0.480208 0.643519 0.479167 0.642593 0.479687 0.645370 0.478646 0.648148 0.480208 0.650000 0.480208 0.651852 0.478646 0.652778 0.479167 0.653704 0.480729 0.652778 0.480208 0.649074 0.481771 0.645370 0.482812 0.646296 0.483854 0.644444 0.482292 0.643519 0.483333 0.640741 0.482812 0.641667 0.481250 0.637037 0.483333 0.635185 0.484375 0.636111 0.484896 0.635185
0 0.280729 0.628704 0.279167 0.637963 0.281250 0.638889 0.279687 0.641667 0.281250 0.642593 0.279687 0.643519 0.281771 0.649074 0.280729 0.652778 0.284375 0.648148 0.281250 0.656481 0.283333 0.660185 0.282292 0.664815 0.283854 0.664815 0.283854 0.660185 0.284896 0.663889 0.286458 0.663889 0.286979 0.660185 0.289583 0.661111 0.286458 0.667593 0.283333 0.667593 0.286458 0.669444 0.286458 0.675926 0.291146 0.676852 0.291667 0.679630 0.292187 0.675000 0.292708 0.678704 0.296354 0.682407 0.299479 0.676852 0.301563 0.679630 0.302604 0.675000 0.304688 0.677778 0.304167 0.674074 0.305729 0.675000 0.305729 0.667593 0.308333 0.660185 0.306250 0.656481 0.308333 0.657407 0.309375 0.653704 0.306771 0.638889 0.305729 0.640741 0.305208 0.636111 0.304167 0.637963 0.301563 0.633333 0.301563 0.636111 0.299479 0.630556 0.295833 0.631481 0.294792 0.625926 0.293229 0.626852 0.290104 0.622222 0.290104 0.626852 0.289062 0.624074 0.285938 0.624074 0.285417 0.628704 0.284375 0.625926 0.283333 0.629630
0 0.353125 0.594444 0.352604 0.597222 0.355729 0.602778 0.355208 0.606481 0.355729 0.609259 0.353646 0.612963 0.354167 0.613889 0.353646 0.614815 0.352604 0.613889 0.352604 0.612037 0.353125 0.611111 0.352604 0.613889 0.354167 0.615741 0.353646 0.614815 0.355208 0.612963 0.354687 0.611111 0.356250 0.609259 0.356771 0.612037 0.357292 0.607407 0.357812 0.610185 0.358854 0.609259 0.359896 0.611111 0.359375 0.608333 0.357812 0.607407 0.359375 0.605556 0.360938 0.608333 0.360417 0.609259 0.360938 0.609259 0.360417 0.606481 0.360938 0.605556 0.363021 0.606481 0.360417 0.603704 0.361979 0.601852 0.360417 0.603704 0.360938 0.605556 0.359896 0.606481 0.358854 0.602778 0.359375 0.601852 0.358854 0.599074 0.357812 0.600000 0.359375 0.601852 0.358333 0.602778 0.359375 0.605556 0.357292 0.606481 0.356771 0.605556 0.357292 0.601852 0.356250 0.600926 0.356771 0.600000 0.355208 0.600000 0.353646 0.597222 0.354167 0.596296 0.352604 0.595370
0 0.358854 0.580556 0.350521 0.600000 0.359896 0.585185 0.360938 0.600926 0.378125 0.594444 0.378125 0.612963 0.366667 0.603704 0.365104 0.618519 0.375000 0.610185 0.380729 0.633333 0.376563 0.616667 0.387500 0.616667 0.379167 0.643519 0.372396 0.633333 0.376042 0.656481 0.367188 0.668519 0.361979 0.640741 0.372396 0.643519 0.372917 0.624074 0.359896 0.635185 0.361979 0.610185 0.354687 0.629630 0.362500 0.669444 0.376563 0.654630 0.370833 0.675000 0.383854 0.680556 0.395833 0.645370 0.392708 0.632407 0.381771 0.646296 0.392188 0.636111 0.378646 0.605556 0.385937 0.599074
0 0.022396 0.583333 0.029687 0.612963 0.029687 0.587963 0.039583 0.599074 0.033854 0.621296 0.026042 0.611111 0.040104 0.634259 0.054167 0.631481 0.044792 0.626852 0.046354 0.594444 0.059375 0.632407 0.052604 0.637963 0.065104 0.631481 0.064062 0.615741 0.071354 0.627778 0.062500 0.582407 0.059896 0.615741 0.050521 0.600000 0.053125 0.587037 0.057292 0.600000 0.057813 0.571296 0.047917 0.570370 0.052083 0.592593 0.034896 0.601852 0.040625 0.578704 0.032813 0.578704 0.045833 0.572222 0.045312 0.584259 0.046354 0.570370
0 0.382812 0.557407 0.385937 0.568519 0.381250 0.570370 0.396875 0.582407 0.394792 0.590741 0.398958 0.578704 0.401562 0.582407 0.397396 0.595370 0.389583 0.581481 0.383333 0.583333 0.393750 0.593519 0.392188 0.602778 0.389062 0.592593 0.386979 0.608333 0.393750 0.596296 0.390104 0.608333 0.395313 0.612037 0.398958 0.603704 0.401042 0.615741 0.404687 0.605556 0.405729 0.611111 0.411458 0.605556 0.406771 0.614815 0.414062 0.623148 0.413021 0.605556 0.416667 0.598148 0.418750 0.613889 0.420833 0.604630 0.417187 0.587963 0.409375 0.583333 0.406771 0.569444 0.411458 0.560185 0.400000 0.558333 0.403125 0.548148 0.398438 0.557407 0.392188 0.548148 0.384896 0.562037
0 0.579688 0.517593 0.578646 0.521296 0.577083 0.521296 0.576562 0.517593 0.575521 0.517593 0.576562 0.519444 0.575521 0.521296 0.573438 0.511111 0.573958 0.512037 0.572396 0.513889 0.571875 0.511111 0.570833 0.513889 0.566667 0.516667 0.567187 0.517593 0.567708 0.515741 0.568229 0.517593 0.569792 0.517593 0.568229 0.516667 0.569271 0.514815 0.570833 0.515741 0.569792 0.514815 0.571875 0.512963 0.572396 0.515741 0.570833 0.517593 0.571875 0.517593 0.572396 0.520370 0.571354 0.521296 0.573958 0.525000 0.572917 0.528704 0.571354 0.527778 0.572396 0.526852 0.572396 0.524074 0.571875 0.526852 0.570833 0.524074 0.571354 0.525926 0.568750 0.529630 0.568750 0.526852 0.567708 0.528704 0.568750 0.529630 0.568229 0.531481 0.569271 0.529630 0.569792 0.530556 0.568750 0.533333 0.569792 0.531481 0.570833 0.532407 0.570312 0.528704 0.571354 0.528704 0.572917 0.533333 0.573438 0.531481 0.572396 0.529630 0.573958 0.526852 0.575521 0.528704 0.574479 0.525000 0.575000 0.521296 0.577604 0.523148 0.576042 0.525000 0.577604 0.523148 0.579167 0.524074 0.579688 0.526852 0.580729 0.525926 0.577083 0.522222 0.578125 0.520370 0.579688 0.522222
0 0.556771 0.498148 0.557813 0.500926 0.558854 0.498148 0.559375 0.500000 0.559896 0.499074 0.563021 0.505556 0.561979 0.507407 0.562500 0.508333 0.561979 0.509259 0.564063 0.512037 0.563021 0.512963 0.564063 0.513889 0.563542 0.517593 0.565625 0.516667 0.565104 0.515741 0.566146 0.513889 0.565625 0.512963 0.566146 0.511111 0.567708 0.512037 0.568750 0.511111 0.569271 0.508333 0.570312 0.510185 0.572396 0.505556 0.572917 0.508333 0.571875 0.509259 0.572917 0.508333 0.573958 0.509259 0.572396 0.505556 0.571875 0.506481 0.571354 0.505556 0.569271 0.508333 0.568750 0.507407 0.569271 0.506481 0.568229 0.504630 0.568750 0.503704 0.570312 0.504630 0.570312 0.503704 0.568750 0.502778 0.568750 0.500000 0.568229 0.500926 0.567187 0.499074 0.566146 0.502778 0.564063 0.501852 0.563542 0.500000 0.563542 0.501852 0.561979 0.502778 0.560417 0.500926 0.559896 0.498148 0.561458 0.497222 0.561979 0.498148 0.561458 0.499074 0.562500 0.500000 0.561979 0.499074 0.563542 0.497222 0.558333 0.498148 0.557813 0.500000
0 0.547396 0.498148 0.511458 0.601852 0.570833 0.596296 0.472396 0.636111 0.506771 0.785185 0.657292 0.853704 0.654167 0.569444
0 0.780208 0.409259 0.780729 0.426852 0.779687 0.423148 0.776042 0.426852 0.775000 0.433333 0.777604 0.434259 0.774479 0.436111 0.773958 0.430556 0.770312 0.435185 0.774479 0.438889 0.768750 0.437037 0.766146 0.444444 0.767188 0.453704 0.764583 0.455556 0.768750 0.460185 0.766146 0.464815 0.769271 0.469444 0.770833 0.463889 0.773438 0.468519 0.771354 0.472222 0.781771 0.463889 0.778646 0.465741 0.778646 0.459259 0.781771 0.462037 0.782292 0.456481 0.782813 0.462963 0.789583 0.444444 0.792188 0.453704 0.789062 0.450926 0.786979 0.458333 0.792188 0.467593 0.789062 0.472222 0.791667 0.479630 0.796875 0.475000 0.796875 0.480556 0.801562 0.450000 0.797917 0.445370 0.800521 0.441667 0.797396 0.436111 0.797917 0.422222 0.795312 0.425000 0.796354 0.420370 0.791146 0.416667 0.792708 0.412963 0.788542 0.421296 0.791667 0.411111 0.784896 0.409259 0.789583 0.415741 0.784375 0.417593 0.783333 0.410185
0 0.108854 0.417593 0.113542 0.425926 0.104688 0.443519 0.107813 0.465741 0.133333 0.486111 0.133333 0.478704 0.137500 0.488889 0.142708 0.473148 0.139583 0.490741 0.148958 0.499074 0.151562 0.489815 0.153646 0.502778 0.169271 0.500926 0.170833 0.491667 0.173437 0.500000 0.177083 0.494444 0.173958 0.498148 0.173958 0.490741 0.181250 0.489815 0.177083 0.479630 0.182292 0.483333 0.184375 0.470370 0.180729 0.454630 0.168750 0.445370 0.167187 0.451852 0.153646 0.425926 0.148958 0.430556 0.146875 0.417593 0.140625 0.419444 0.144271 0.410185 0.131250 0.413889 0.128646 0.407407 0.130729 0.412963 0.125521 0.418519 0.128646 0.412037 0.122396 0.402778
0 0.263021 0.393519 0.266146 0.418519 0.269271 0.402778 0.286979 0.436111 0.278125 0.437963 0.284375 0.457407 0.293229 0.455556 0.301563 0.473148 0.301563 0.462037 0.310937 0.470370 0.313021 0.455556 0.328646 0.458333 0.334896 0.491667 0.346875 0.475926 0.355729 0.486111 0.359375 0.473148 0.368750 0.479630 0.385937 0.458333 0.365625 0.402778 0.347917 0.393519 0.322396 0.397222 0.320312 0.407407 0.314063 0.393519 0.305208 0.403704 0.308854 0.390741 0.301042 0.398148 0.306250 0.389815 0.282813 0.391667 0.282292 0.404630 0.280208 0.390741 0.275000 0.399074 0.267188 0.386111 0.267188 0.410185
0 0.522396 0.360185 0.521875 0.362037 0.522917 0.361111 0.523438 0.362037 0.522917 0.363889 0.521354 0.363889 0.520833 0.365741 0.520312 0.363889 0.519271 0.365741 0.519271 0.367593 0.518750 0.368519 0.517708 0.366667 0.520312 0.371296 0.520312 0.372222 0.520833 0.371296 0.521354 0.372222 0.521354 0.375000 0.521875 0.375926 0.522396 0.375000 0.522917 0.375926 0.521875 0.378704 0.522917 0.381481 0.523438 0.380556 0.522917 0.378704 0.523438 0.372222 0.523958 0.371296 0.524479 0.372222 0.524479 0.374074 0.525521 0.375000 0.525521 0.376852 0.524479 0.378704 0.523958 0.377778 0.524479 0.378704 0.525521 0.376852 0.525000 0.372222 0.526042 0.370370 0.526563 0.371296 0.526563 0.373148 0.526563 0.371296 0.526042 0.370370 0.527083 0.369444 0.525000 0.367593 0.524479 0.368519 0.523438 0.367593 0.523438 0.362037
0 0.498958 0.349074 0.500000 0.350000 0.498958 0.353704 0.500000 0.356481 0.501042 0.355556 0.501042 0.360185 0.502083 0.360185 0.501563 0.362963 0.503125 0.362963 0.504687 0.366667 0.502083 0.370370 0.503646 0.371296 0.502604 0.375926 0.505729 0.380556 0.507292 0.376852 0.508333 0.380556 0.509375 0.376852 0.507292 0.374074 0.508854 0.372222 0.509896 0.375000 0.508854 0.372222 0.509896 0.370370 0.507812 0.367593 0.510938 0.363889 0.509375 0.364815 0.509375 0.362037 0.506771 0.360185 0.508854 0.363889 0.507292 0.368519 0.506771 0.366667 0.508333 0.368519 0.506771 0.374074 0.508854 0.376852 0.505729 0.375926 0.506250 0.371296 0.504687 0.370370 0.504687 0.375926 0.503646 0.368519 0.506250 0.369444 0.505729 0.365741 0.504167 0.364815 0.505729 0.358333 0.503646 0.360185 0.505729 0.360185 0.503646 0.363889 0.502083 0.361111 0.503125 0.356481 0.501563 0.355556 0.501563 0.352778 0.499479 0.354630 0.498958 0.351852 0.500000 0.350000
0 0.006771 0.335185 0.002083 0.369444 0.014583 0.397222 0.029167 0.405556 0.033333 0.393519 0.030208 0.378704 0.038542 0.367593 0.041146 0.374074 0.032292 0.381481 0.031771 0.409259 0.038542 0.413889 0.038021 0.406481 0.043750 0.416667 0.044271 0.408333 0.045833 0.422222 0.061458 0.430556 0.072396 0.420370 0.075521 0.386111 0.078646 0.397222 0.081250 0.386111 0.074479 0.382407 0.077083 0.368519 0.066667 0.365741 0.061458 0.347222 0.053646 0.347222 0.058854 0.350926 0.055208 0.358333 0.040104 0.339815 0.031771 0.345370 0.016146 0.329630
0 0.272917 0.256481 0.266146 0.267593 0.267188 0.275000 0.264583 0.271296 0.261458 0.275926 0.263021 0.294444 0.253125 0.321296 0.251563 0.341667 0.257812 0.343519 0.257812 0.352778 0.264062 0.356481 0.262500 0.362037 0.264062 0.359259 0.273438 0.381481 0.284375 0.387037 0.289583 0.382407 0.290104 0.387037 0.290104 0.380556 0.293750 0.380556 0.293229 0.370370 0.295312 0.383333 0.300000 0.368519 0.301042 0.375000 0.309896 0.328704 0.299479 0.281481 0.296354 0.282407 0.298438 0.278704 0.291667 0.270370 0.293750 0.267593 0.289583 0.262963 0.286979 0.270370 0.285417 0.263889 0.288542 0.262037 0.285938 0.259259 0.283854 0.265741 0.284375 0.256481
0 0.477604 0.246296 0.472917 0.269444 0.475000 0.260185 0.478125 0.266667 0.472396 0.274074 0.476562 0.270370 0.477083 0.275926 0.472917 0.277778 0.476562 0.279630 0.473958 0.284259 0.478125 0.282407 0.475000 0.287963 0.478125 0.290741 0.476042 0.297222 0.481250 0.295370 0.479687 0.304630 0.483854 0.310185 0.485417 0.304630 0.482812 0.304630 0.481771 0.297222 0.485417 0.298148 0.486979 0.290741 0.487500 0.299074 0.490104 0.300926 0.492708 0.290741 0.493750 0.298148 0.497396 0.292593 0.493229 0.287037 0.494271 0.284259 0.496875 0.290741 0.496875 0.279630 0.498958 0.279630 0.496875 0.277778 0.497396 0.269444 0.496354 0.274074 0.490104 0.270370 0.494271 0.262037 0.491146 0.259259 0.490104 0.267593 0.489583 0.263889 0.486979 0.265741 0.485417 0.261111 0.490104 0.258333 0.488021 0.256481 0.487500 0.261111 0.486979 0.255556 0.483333 0.260185 0.485417 0.254630 0.483854 0.250000 0.481771 0.254630
0 0.988542 0.242593 0.983854 0.248148 0.976562 0.244444 0.977083 0.249074 0.969792 0.255556 0.964583 0.273148 0.966146 0.285185 0.957292 0.300926 0.957292 0.309259 0.958854 0.304630 0.960938 0.309259 0.956250 0.312037 0.956250 0.322222 0.958854 0.324074 0.956771 0.327778 0.963542 0.337037 0.964063 0.344444 0.971354 0.343519 0.969271 0.340741 0.971354 0.337963 0.978125 0.356481 0.978646 0.350926 0.981250 0.356481 0.986458 0.349074 0.988542 0.353704 0.990104 0.345370 0.991146 0.350926 0.997396 0.344444 0.993229 0.345370 0.992188 0.338889 0.993229 0.335185 0.993750 0.339815 0.997396 0.338889 0.996875 0.332407 0.995833 0.337963 0.993229 0.333333 0.998437 0.322222 0.997917 0.316667 0.995833 0.325000 0.993750 0.322222 0.997917 0.312037 0.994271 0.305556 0.997917 0.299074 0.997396 0.307407 0.999479 0.305556 0.999479 0.255556 0.996875 0.251852 0.992708 0.255556
0 0.747396 0.243519 0.748958 0.245370 0.747917 0.247222 0.747396 0.245370 0.746875 0.248148 0.747917 0.249074 0.748437 0.247222 0.749479 0.249074 0.750000 0.251852 0.749479 0.254630 0.748958 0.252778 0.749479 0.256481 0.749479 0.254630 0.751563 0.251852 0.753125 0.253704 0.752604 0.251852 0.753125 0.250926 0.755208 0.253704 0.753646 0.256481 0.751563 0.254630 0.751563 0.256481 0.750521 0.257407 0.752083 0.258333 0.752083 0.256481 0.753125 0.255556 0.754687 0.257407 0.753646 0.259259 0.755208 0.257407 0.755729 0.258333 0.755208 0.260185 0.756250 0.259259 0.755729 0.258333 0.757812 0.256481 0.756771 0.254630 0.757292 0.253704 0.756250 0.252778 0.757292 0.250926 0.757812 0.251852 0.758854 0.250000 0.758333 0.249074 0.757812 0.250926 0.756250 0.251852 0.754687 0.250000 0.755729 0.249074 0.755208 0.248148 0.755729 0.247222 0.754167 0.249074 0.753125 0.248148 0.753646 0.247222 0.751563 0.249074 0.751042 0.247222 0.752604 0.246296 0.750521 0.244444 0.750000 0.242593 0.750521 0.241667 0.750000 0.242593 0.749479 0.241667 0.751563 0.249074 0.750000 0.250926 0.749479 0.250000 0.750000 0.246296 0.748437 0.244444 0.748958 0.243519 0.748437 0.242593
0 0.751563 0.237037 0.754687 0.239815 0.754167 0.241667 0.752083 0.239815 0.753646 0.245370 0.755208 0.243519 0.756250 0.245370 0.755208 0.243519 0.756771 0.241667 0.758333 0.244444 0.757292 0.246296 0.759375 0.247222 0.759896 0.245370 0.760417 0.246296 0.761458 0.244444 0.762500 0.246296 0.761979 0.245370 0.763021 0.243519 0.765625 0.243519 0.766146 0.244444 0.765104 0.246296 0.766146 0.248148 0.765104 0.250000 0.766667 0.250000 0.767708 0.247222 0.766667 0.245370 0.767708 0.244444 0.767188 0.243519 0.768229 0.241667 0.768750 0.245370 0.769271 0.244444 0.767708 0.239815 0.768229 0.237037 0.767188 0.236111 0.766146 0.238889 0.765104 0.237037 0.765625 0.237963 0.764583 0.239815 0.763021 0.238889 0.760938 0.241667 0.760417 0.239815 0.763542 0.234259 0.762500 0.234259 0.761458 0.237963 0.759375 0.234259 0.757812 0.237963 0.756250 0.236111 0.756250 0.237963 0.755208 0.237037 0.757292 0.238889 0.756250 0.240741 0.754687 0.239815 0.753646 0.234259 0.753646 0.237963
0 0.298438 0.218519 0.294792 0.259259 0.323958 0.310185 0.314063 0.314815 0.314063 0.383333 0.320312 0.367593 0.318750 0.386111 0.337500 0.390741 0.335938 0.373148 0.341667 0.387037 0.371875 0.333333 0.390625 0.329630 0.374479 0.257407 0.366667 0.267593 0.367708 0.250000 0.351042 0.245370 0.355208 0.294444 0.338542 0.304630 0.319271 0.268519 0.329688 0.231481 0.343229 0.231481
0 0.611458 0.271296 0.540104 0.200926 0.517188 0.411111 0.486979 0.319444 0.442188 0.408333 0.426042 0.311111 0.401042 0.491667 0.469271 0.518519 0.526042 0.451852 0.531771 0.396296 0.577604 0.443519 0.617188 0.426852
0 0.776563 0.169444 0.773958 0.175926 0.775521 0.168519 0.771875 0.167593 0.773438 0.176852 0.767708 0.199074 0.765625 0.179630 0.759375 0.194444 0.758333 0.187037 0.754687 0.196296 0.748958 0.194444 0.750000 0.201852 0.755208 0.204630 0.748437 0.201852 0.744271 0.209259 0.746875 0.212037 0.743750 0.212037 0.753125 0.206481 0.753646 0.222222 0.748958 0.225000 0.753125 0.224074 0.755208 0.234259 0.760938 0.225000 0.760938 0.231481 0.764583 0.231481 0.765625 0.223148 0.768229 0.235185 0.770312 0.230556 0.765625 0.222222 0.766667 0.217593 0.772917 0.220370 0.771354 0.210185 0.776042 0.210185 0.773438 0.200926 0.767708 0.201852 0.771354 0.197222 0.769792 0.191667 0.773958 0.197222 0.771875 0.192593 0.775521 0.187963 0.776042 0.205556 0.777604 0.187037 0.771875 0.181481 0.778646 0.176852 0.776042 0.177778
0 0.197917 0.169444 0.191667 0.184259 0.196875 0.224074 0.202083 0.213889 0.214583 0.234259 0.221875 0.220370 0.234375 0.240741 0.220833 0.261111 0.214583 0.256481 0.208854 0.280556 0.220312 0.285185 0.220833 0.304630 0.240625 0.313889 0.251563 0.293519 0.243229 0.282407 0.252083 0.272222 0.252604 0.288889 0.251042 0.269444 0.258333 0.263889 0.260417 0.204630 0.248958 0.202778 0.251563 0.194444 0.230729 0.172222 0.223958 0.185185 0.226042 0.170370 0.218750 0.162037 0.215625 0.177778 0.210938 0.165741 0.201563 0.178704
0 0.541146 0.147222 0.538021 0.155556 0.538542 0.159259 0.535937 0.159259 0.536458 0.154630 0.534896 0.161111 0.535937 0.159259 0.536979 0.161111 0.535937 0.163889 0.536979 0.167593 0.539062 0.165741 0.541667 0.167593 0.537500 0.170370 0.538021 0.176852 0.539583 0.177778 0.538021 0.175000 0.539583 0.171296 0.540625 0.177778 0.546354 0.178704 0.546354 0.175000 0.545312 0.178704 0.545312 0.175000 0.543229 0.174074 0.541146 0.177778 0.540625 0.169444 0.545312 0.167593 0.547917 0.170370 0.546875 0.167593 0.546354 0.170370 0.545833 0.166667 0.547917 0.162963 0.548958 0.165741 0.549479 0.162037 0.549479 0.167593 0.552083 0.168519 0.552604 0.163889 0.551042 0.167593 0.552083 0.161111 0.549479 0.156481 0.549479 0.158333 0.546875 0.157407 0.546354 0.153704 0.544271 0.162963 0.545312 0.165741 0.542188 0.167593 0.543750 0.161111 0.542708 0.162963 0.541667 0.161111 0.542708 0.157407 0.543750 0.158333 0.542708 0.153704 0.544271 0.155556 0.545312 0.152778 0.543229 0.152778 0.546354 0.150000
0 0.308854 0.141667 0.302604 0.126852 0.294271 0.130556 0.293750 0.104630 0.283333 0.102778 0.290104 0.099074 0.286458 0.091667 0.281250 0.110185 0.275000 0.100000 0.280208 0.109259 0.275521 0.121296 0.272917 0.099074 0.256771 0.108333 0.251042 0.127778 0.257292 0.158333 0.261458 0.128704 0.267188 0.150000 0.280729 0.125926 0.279167 0.144444 0.253125 0.160185 0.271354 0.177778 0.278125 0.155556 0.281771 0.173148 0.282292 0.157407 0.299479 0.172222
0 0.011979 0.054630 0.014063 0.058333 0.011458 0.062037 0.010937 0.054630 0.004167 0.057407 0.004167 0.062037 0.000000 0.058333 0.000000 0.068519 0.002604 0.063889 0.004687 0.069444 0.000000 0.071296 0.005729 0.071296 0.002604 0.079630 0.000000 0.073148 0.000000 0.096296 0.003125 0.098148 0.000000 0.104630 0.004167 0.102778 0.005729 0.112963 0.000000 0.108333 0.001042 0.121296 0.003125 0.120370 0.000000 0.123148 0.000000 0.145370 0.003125 0.147222 0.000000 0.148148 0.001042 0.159259 0.005208 0.156481 0.007812 0.161111 0.005208 0.155556 0.007812 0.151852 0.012500 0.161111 0.018750 0.147222 0.023438 0.113889 0.032292 0.101852 0.030208 0.098148 0.032292 0.074074 0.023438 0.058333 0.023958 0.064815 0.019271 0.057407 0.017708 0.069444 0.018229 0.056481
0 0.118229 0.103704 0.111458 0.087963 0.100000 0.099074 0.108854 0.086111 0.105729 0.075926 0.081771 0.061111 0.078125 0.073148 0.065104 0.052778 0.059375 0.066667 0.054688 0.058333 0.050521 0.087037 0.048438 0.077778 0.039583 0.097222 0.042188 0.111111 0.036979 0.106481 0.031250 0.154630 0.048438 0.174074 0.058854 0.150926 0.053125 0.168519 0.068229 0.163889 0.066667 0.173148 0.072917 0.148148 0.064062 0.109259 0.077604 0.117593 0.083854 0.137963 0.095312 0.133333 0.097917 0.149074 0.111458 0.137037 0.111458 0.123148 0.112500 0.135185 0.119271 0.110185 0.112500 0.105556
0 0.806250 0.043519 0.804167 0.048148 0.800521 0.041667 0.792708 0.054630 0.789583 0.040741 0.781771 0.053704 0.782813 0.067593 0.778646 0.070370 0.780729 0.075926 0.782292 0.069444 0.780729 0.079630 0.786458 0.089815 0.782292 0.099074 0.794792 0.092593 0.788542 0.100000 0.792708 0.101852 0.789583 0.106481 0.784896 0.103704 0.791146 0.108333 0.786979 0.112963 0.790625 0.104630 0.793229 0.108333 0.790625 0.116667 0.780729 0.104630 0.783333 0.119444 0.788021 0.114815 0.788021 0.122222 0.792188 0.120370 0.799479 0.093519 0.803646 0.095370 0.800000 0.085185 0.807292 0.085185 0.801562 0.057407 0.804688 0.054630 0.805208 0.062963 0.807292 0.057407 0.808333 0.067593 0.813021 0.064815 0.813542 0.053704 0.811979 0.062037
0 0.801042 0.024074 0.800000 0.027778 0.803125 0.033333 0.801042 0.037963 0.802083 0.038889 0.804167 0.034259 0.804688 0.037037 0.803646 0.039815 0.804167 0.038889 0.805208 0.042593 0.805729 0.040741 0.804688 0.039815 0.806250 0.037037 0.807292 0.041667 0.806771 0.037963 0.807813 0.035185 0.809896 0.041667 0.808333 0.041667 0.808854 0.042593 0.807813 0.043519 0.808854 0.045370 0.808333 0.048148 0.809375 0.047222 0.808333 0.043519 0.809896 0.042593 0.811458 0.046296 0.811458 0.050000 0.813021 0.050000 0.814063 0.047222 0.813542 0.044444 0.812500 0.046296 0.813021 0.050000 0.810937 0.045370 0.811458 0.042593 0.812500 0.043519 0.813021 0.037963 0.810417 0.043519 0.808854 0.039815 0.809896 0.038889 0.809375 0.035185 0.810417 0.033333 0.809375 0.032407 0.808854 0.037963 0.808333 0.033333 0.804688 0.033333 0.807292 0.029630 0.805208 0.030556 0.804688 0.029630 0.805729 0.028704 0.804688 0.027778 0.805208 0.028704 0.804167 0.030556 0.803646 0.026852 0.802604 0.028704 0.803646 0.030556 0.802604 0.032407 0.800521 0.027778 0.801042 0.025926 0.801562 0.026852
0 0.704688 0.000926 0.700521 0.028704 0.651563 0.000000 0.652083 0.050000 0.653646 0.009259 0.683333 0.012963 0.628125 0.078704 0.631771 0.125000 0.652604 0.139815 0.639583 0.077778 0.650521 0.126852 0.667188 0.101852 0.679688 0.137963 0.675000 0.068519 0.694271 0.047222 0.678646 0.037963 0.702083 0.038889
0 0.343750 0.001852 0.342708 0.003704 0.342187 0.000000 0.341146 0.000926 0.339583 0.011111 0.338542 0.008333 0.340104 0.001852 0.335417 0.004630 0.339062 0.006481 0.338021 0.010185 0.332813 0.007407 0.336458 0.000000 0.335417 0.002778 0.334896 0.000000 0.334375 0.003704 0.333333 0.000000 0.331250 0.002778 0.331250 0.000000 0.330208 0.007407 0.329688 0.001852 0.327604 0.001852 0.327083 0.004630 0.326042 0.000926 0.326042 0.005556 0.328125 0.003704 0.329167 0.008333 0.328125 0.010185 0.327083 0.006481 0.323958 0.012037 0.323958 0.008333 0.320833 0.010185 0.322396 0.010185 0.321354 0.015741 0.319792 0.015741 0.319271 0.012037 0.317708 0.013889 0.315625 0.008333 0.314063 0.010185 0.316667 0.010185 0.316667 0.015741 0.321354 0.020370 0.324479 0.015741 0.322917 0.021296 0.324479 0.017593 0.325521 0.022222 0.328646 0.021296 0.330729 0.025926 0.329688 0.024074 0.330729 0.022222 0.331771 0.025000 0.335417 0.019444 0.335417 0.015741 0.336979 0.017593 0.340625 0.007407 0.343750 0.007407
0 0.102604 0.000000 0.098958 0.002778 0.100521 0.004630 0.098437 0.009259 0.096354 0.006481 0.098437 0.000000 0.097917 0.001852 0.096354 0.000000 0.096875 0.002778 0.095312 0.000000 0.091667 0.000000 0.091667 0.002778 0.089063 0.003704 0.090104 0.005556 0.089063 0.010185 0.088021 0.008333 0.085417 0.012963 0.086979 0.014815 0.086458 0.018519 0.088021 0.014815 0.089063 0.016667 0.088021 0.020370 0.089063 0.016667 0.089583 0.018519 0.091667 0.008333 0.092708 0.012963 0.091146 0.019444 0.092708 0.017593 0.091667 0.015741 0.093229 0.015741 0.092708 0.012963 0.095833 0.013889 0.095833 0.012037 0.094271 0.013889 0.093229 0.012037 0.092708 0.005556 0.095312 0.006481 0.095833 0.009259 0.094792 0.011111 0.095833 0.009259 0.097917 0.011111 0.095833 0.018519 0.099479 0.013889 0.097396 0.010185 0.098958 0.008333 0.100000 0.010185 0.099479 0.007407 0.101042 0.007407 0.102083 0.002778 0.100000 0.002778
0 0.066667 0.000000 0.068750 0.007407 0.068229 0.002778 0.070833 0.003704 0.067187 0.011111 0.066667 0.022222 0.073438 0.025000 0.075521 0.018519 0.071354 0.022222 0.067708 0.017593 0.072917 0.016667 0.076563 0.009259 0.076563 0.012963 0.082292 0.015741 0.082812 0.022222 0.079687 0.027778 0.078125 0.024074 0.080729 0.019444 0.075521 0.012963 0.078646 0.019444 0.075000 0.028704 0.077604 0.020370 0.077083 0.025926 0.079687 0.027778 0.076042 0.030556 0.079687 0.034259 0.080208 0.028704 0.083854 0.033333 0.086979 0.030556 0.082292 0.027778 0.085938 0.024074 0.088021 0.028704 0.086979 0.020370 0.081250 0.017593 0.084896 0.018519 0.084375 0.012963 0.082812 0.016667 0.082292 0.010185 0.081250 0.013889 0.078125 0.010185 0.080729 0.004630 0.081771 0.008333 0.083333 0.000000 0.082812 0.008333 0.085417 0.011111 0.086979 0.007407 0.083333 0.004630 0.084896 0.000000 0.080729 0.000000 0.078646 0.008333 0.079687 0.000000 0.078125 0.006481 0.076563 0.000000 0.069271 0.000000 0.067708 0.004630
0 0.000000 0.000000 0.000000 0.007407 0.004167 0.005556 0.005208 0.012963 0.000000 0.011111 0.002604 0.019444 0.000000 0.018519 0.002083 0.028704 0.000000 0.033333 0.002604 0.033333 0.000000 0.036111 0.000000 0.047222 0.010417 0.043519 0.015104 0.048148 0.019792 0.040741 0.021354 0.042593 0.021354 0.035185 0.016146 0.040741 0.013542 0.035185 0.015625 0.045370 0.013021 0.044444 0.012500 0.034259 0.023958 0.032407 0.023958 0.026852 0.030208 0.014815 0.027083 0.017593 0.026042 0.013889 0.029687 0.012037 0.026562 0.005556 0.027604 0.000000 0.019271 0.000000 0.019792 0.003704 0.018229 0.000000 0.007292 0.000000 0.011458 0.002778 0.008854 0.007407 0.006250 0.003704 0.009375 0.008333 0.007812 0.010185 0.005208 0.002778 0.003646 0.005556