0 0.335938 0.912037 0.322396 0.912037 0.320312 0.915741 0.300521 0.918519 0.296354 0.924074 0.294271 0.941667 0.303646 0.991667 0.306771 0.998148 0.319271 0.996296 0.342708 0.941667 0.342708 0.924074
0 0.724479 0.914815 0.735417 0.986111 0.742708 0.991667 0.760417 0.991667 0.768229 0.984259 0.771354 0.950926 0.766667 0.942593 0.768229 0.933333 0.758333 0.915741 0.745313 0.906481 0.735417 0.906481
0 0.486458 0.863889 0.482812 0.870370 0.475000 0.870370 0.466146 0.886111 0.466146 0.910185 0.471875 0.934259 0.482292 0.952778 0.495833 0.954630 0.498437 0.952778 0.504687 0.937963 0.504687 0.924074 0.503125 0.921296 0.503125 0.875926 0.497917 0.866667
0 0.730208 0.785185 0.731250 0.787037 0.731771 0.787037 0.732812 0.788889 0.733333 0.788889 0.734896 0.791667 0.735417 0.791667 0.736458 0.793519 0.739583 0.793519 0.740104 0.794444 0.744271 0.794444 0.744792 0.795370 0.744271 0.792593 0.743229 0.790741 0.743229 0.789815 0.742188 0.787037 0.741667 0.787037 0.741146 0.786111 0.740625 0.786111 0.740104 0.785185 0.739583 0.785185 0.739062 0.784259 0.738542 0.784259 0.738021 0.783333 0.737500 0.783333 0.734896 0.780556 0.734375 0.780556 0.733854 0.781481 0.732292 0.782407 0.731250 0.784259 0.730729 0.784259
0 0.233854 0.775000 0.231771 0.837037 0.250000 0.873148 0.258854 0.875926 0.272917 0.893519 0.285938 0.893519 0.299479 0.879630 0.308854 0.890741 0.323437 0.892593 0.346875 0.864815 0.340625 0.791667 0.327604 0.765741 0.323437 0.740741 0.314583 0.717593 0.296875 0.711111 0.290104 0.720370 0.283333 0.752778 0.267708 0.766667 0.257812 0.766667 0.252604 0.773148 0.236458 0.770370
0 0.243750 0.715741 0.243750 0.723148 0.254688 0.745370 0.261979 0.751852 0.272917 0.750000 0.280208 0.739815 0.278646 0.717593 0.273438 0.707407 0.250521 0.703704
0 0.416146 0.675926 0.405208 0.686111 0.400000 0.687037 0.384375 0.708333 0.384375 0.725926 0.378646 0.732407 0.378646 0.747222 0.382292 0.753704 0.383854 0.762963 0.392708 0.775926 0.401042 0.797222 0.408333 0.803704 0.422917 0.801852 0.432812 0.781481 0.432812 0.771296 0.426563 0.757407 0.433854 0.751852 0.440625 0.739815 0.446354 0.709259 0.431771 0.686111
0 0.898438 0.669444 0.894792 0.675926 0.892708 0.675926 0.892188 0.680556 0.888021 0.687963 0.888021 0.704630 0.890104 0.708333 0.890104 0.712037 0.892708 0.716667 0.908333 0.716667 0.909375 0.714815 0.909375 0.712037 0.910937 0.709259 0.910937 0.698148 0.913021 0.694444 0.913021 0.677778 0.908333 0.669444
0 0.019271 0.674074 0.027604 0.688889 0.043229 0.688889 0.045312 0.692593 0.047396 0.688889 0.086979 0.690741 0.090104 0.685185 0.101562 0.678704 0.108333 0.661111 0.106250 0.642593 0.099479 0.634259 0.079687 0.634259 0.072917 0.627778 0.058854 0.627778 0.053125 0.620370 0.047396 0.620370 0.019271 0.660185
0 0.369271 0.597222 0.366667 0.605556 0.366146 0.618519 0.367708 0.624074 0.368750 0.625926 0.369792 0.625926 0.371354 0.627778 0.372396 0.627778 0.373958 0.629630 0.376042 0.630556 0.381250 0.625000 0.380208 0.607407 0.373958 0.596296
0 0.656250 0.502778 0.632292 0.535185 0.630729 0.561111 0.617708 0.561111 0.606771 0.573148 0.601042 0.593519 0.601042 0.608333 0.604688 0.625000 0.611458 0.637037 0.623437 0.637037 0.632812 0.643519 0.636458 0.650000 0.638021 0.670370 0.642708 0.678704 0.661979 0.688889 0.665625 0.686111 0.670312 0.671296 0.678125 0.671296 0.682813 0.662963 0.690625 0.628704 0.690625 0.604630 0.686979 0.591667 0.680729 0.587037 0.682292 0.542593 0.686458 0.535185 0.686458 0.527778 0.680208 0.516667 0.664583 0.502778
0 0.309375 0.507407 0.302604 0.491667 0.294792 0.488889 0.283333 0.475000 0.256250 0.477778 0.227083 0.499074 0.204687 0.502778 0.193229 0.516667 0.190625 0.525000 0.194271 0.537037 0.194271 0.559259 0.205208 0.571296 0.213021 0.567593 0.218229 0.574074 0.222917 0.574074 0.234375 0.566667 0.238542 0.550000 0.247917 0.550000 0.259375 0.567593 0.265625 0.567593 0.273438 0.550000 0.285417 0.550000 0.296354 0.537037 0.307292 0.517593
0 0.145313 0.411111 0.138021 0.434259 0.138021 0.444444 0.142187 0.454630 0.142187 0.472222 0.140104 0.479630 0.143750 0.496296 0.175000 0.514815 0.185417 0.513889 0.194271 0.509259 0.202083 0.496296 0.202083 0.478704 0.200000 0.475000 0.202083 0.454630 0.200000 0.447222 0.186458 0.425926 0.168229 0.407407 0.156250 0.404630
0 0.046354 0.388889 0.044792 0.404630 0.052083 0.424074 0.058854 0.432407 0.066667 0.428704 0.076563 0.432407 0.093229 0.418519 0.098437 0.423148 0.098958 0.427778 0.085417 0.448148 0.083333 0.468519 0.086458 0.474074 0.095833 0.470370 0.103646 0.484259 0.111458 0.484259 0.113542 0.487963 0.126042 0.479630 0.126042 0.472222 0.131771 0.459259 0.131771 0.426852 0.128125 0.412037 0.128125 0.393519 0.117708 0.374074 0.066146 0.367593 0.055208 0.380556 0.051042 0.380556
0 0.161458 0.362037 0.161979 0.389815 0.168229 0.400926 0.193229 0.417593 0.206771 0.449074 0.206771 0.473148 0.216146 0.490741 0.242188 0.484259 0.255208 0.461111 0.258854 0.434259 0.282292 0.399074 0.282292 0.389815 0.272917 0.373148 0.248958 0.349074 0.232292 0.346296 0.220312 0.354630 0.220312 0.362037 0.231771 0.382407 0.231771 0.389815 0.222917 0.405556 0.196354 0.388889 0.202083 0.378704 0.198437 0.367593 0.214583 0.349074 0.194792 0.339815 0.189583 0.346296 0.171354 0.350000
0 0.449479 0.412963 0.419792 0.374074 0.414583 0.375926 0.416146 0.401852 0.405208 0.364815 0.379167 0.328704 0.360938 0.343519 0.358854 0.372222 0.364583 0.394444 0.355729 0.415741 0.335417 0.369444 0.324479 0.360185 0.311979 0.364815 0.311979 0.388889 0.302083 0.406481 0.319792 0.507407 0.332292 0.525926 0.343750 0.522222 0.366667 0.536111 0.408333 0.505556 0.420833 0.479630 0.417708 0.414815 0.420312 0.441667 0.429688 0.445370
0 0.122396 0.304630 0.122396 0.311111 0.129167 0.323148 0.133333 0.323148 0.138542 0.329630 0.150521 0.326852 0.153125 0.322222 0.155208 0.298148 0.146875 0.286111 0.131250 0.286111
0 0.697917 0.220370 0.700000 0.233333 0.692708 0.250926 0.693229 0.266667 0.697396 0.274074 0.705208 0.276852 0.715104 0.260185 0.727083 0.270370 0.732812 0.266667 0.729688 0.238889 0.719271 0.219444 0.708854 0.212963
0 0.395833 0.219444 0.397396 0.236111 0.407813 0.267593 0.409375 0.287963 0.415625 0.295370 0.411458 0.312963 0.416146 0.324074 0.427604 0.334259 0.441667 0.362963 0.478646 0.362963 0.501563 0.375000 0.521354 0.362037 0.536458 0.336111 0.538021 0.315741 0.531771 0.283333 0.518750 0.247222 0.492708 0.211111 0.472917 0.211111 0.456771 0.200926 0.447396 0.211111 0.433333 0.213889 0.416146 0.193519 0.404687 0.193519
0 0.852604 0.009259 0.852083 0.022222 0.856771 0.038889 0.866146 0.045370 0.868750 0.050926 0.877604 0.044444 0.883854 0.050926 0.889062 0.050926 0.893750 0.039815 0.897396 0.018519 0.891667 0.011111 0.891667 0.002778 0.888021 0.003704 0.885938 0.000000 0.855729 0.000000