0 0.673438 0.833333 0.675000 0.847222 0.680208 0.856481 0.683333 0.859259 0.690625 0.857407 0.694271 0.850926 0.696354 0.840741 0.691667 0.828704 0.690104 0.828704 0.685417 0.825926 0.683333 0.825926 0.681771 0.828704 0.676042 0.828704
0 0.809375 0.677778 0.805208 0.692593 0.807813 0.709259 0.820312 0.745370 0.828646 0.752778 0.836979 0.783333 0.843229 0.794444 0.857292 0.805556 0.877083 0.806481 0.890625 0.799074 0.896354 0.781481 0.895312 0.769444 0.881771 0.743519 0.876563 0.719444 0.860417 0.683333 0.846875 0.669444 0.833854 0.662963 0.818229 0.664815
0 0.482812 0.662037 0.478125 0.670370 0.478125 0.677778 0.478646 0.679630 0.482812 0.688889 0.485938 0.688889 0.486458 0.687963 0.490625 0.687963 0.491667 0.687037 0.495312 0.680556 0.495312 0.671296 0.493750 0.668519 0.491667 0.666667 0.488542 0.662037
0 0.998958 0.602778 0.989583 0.617593 0.988021 0.621296 0.985938 0.632407 0.985938 0.644444 0.986979 0.649074 0.993229 0.660185 0.998958 0.664815
0 0.478125 0.549074 0.478125 0.550000 0.479167 0.551852 0.479167 0.552778 0.479687 0.553704 0.479687 0.554630 0.480729 0.556481 0.480729 0.557407 0.481771 0.557407 0.482292 0.556481 0.486458 0.556481 0.486979 0.555556 0.489583 0.555556 0.490104 0.554630 0.491146 0.554630 0.491667 0.553704 0.492188 0.553704 0.492188 0.552778 0.492708 0.551852 0.492708 0.550000 0.493229 0.549074 0.488542 0.540741 0.482812 0.540741
0 0.833854 0.531481 0.828646 0.547222 0.821875 0.559259 0.823438 0.587037 0.827083 0.600000 0.834375 0.612963 0.852083 0.626852 0.873437 0.654630 0.886458 0.657407 0.892708 0.664815 0.901563 0.662963 0.901563 0.653704 0.897396 0.642593 0.895312 0.625000 0.881250 0.596296 0.875000 0.592593 0.864062 0.573148 0.861458 0.561111 0.844792 0.534259
0 0.295833 0.344444 0.286458 0.331481 0.275521 0.328704 0.256250 0.348148 0.243750 0.355556 0.230208 0.375000 0.230208 0.396296 0.240104 0.411111 0.254688 0.421296 0.271354 0.419444 0.277604 0.411111 0.286979 0.408333 0.297917 0.388889 0.299479 0.381481 0.295833 0.368519
0 0.996354 0.057407 0.991146 0.051852 0.984375 0.050000 0.979688 0.057407 0.977604 0.066667 0.973958 0.062963 0.968229 0.061111 0.964063 0.069444 0.964063 0.078704 0.968229 0.087037 0.976562 0.087963 0.979167 0.084259 0.979167 0.077778 0.980208 0.074074 0.989062 0.078704 0.994271 0.077778 0.995833 0.075926 0.996875 0.071296
0 0.337500 0.007407 0.348438 0.064815 0.423958 0.126852 0.455729 0.213889 0.488021 0.240741 0.472396 0.281481 0.488021 0.320370 0.485938 0.375000 0.470313 0.410185 0.476562 0.449074 0.564583 0.456481 0.617708 0.483333 0.683333 0.436111 0.695833 0.408333 0.686458 0.375000 0.709896 0.310185 0.704167 0.205556 0.670833 0.128704 0.614062 0.041667 0.607812 0.002778
0 0.121875 0.011111 0.122396 0.049074 0.110937 0.075926 0.108854 0.100926 0.110417 0.113889 0.121354 0.133333 0.134375 0.136111 0.148958 0.149074 0.156771 0.147222 0.172917 0.132407 0.176563 0.119444 0.175000 0.100926 0.187500 0.088889 0.192188 0.076852 0.189062 0.104630 0.202604 0.118519 0.200521 0.142593 0.215104 0.161111 0.221354 0.160185 0.223438 0.139815 0.238542 0.127778 0.239063 0.111111 0.223438 0.069444 0.221875 0.049074 0.196875 0.018519 0.190104 0.000000 0.178125 0.000000 0.178125 0.011111 0.169271 0.000000 0.128646 0.000000
0 0.018750 0.000000 0.013021 0.027778 0.013021 0.051852 0.016146 0.057407 0.018229 0.055556 0.029687 0.056481 0.034375 0.048148 0.034375 0.039815 0.039062 0.018519 0.039062 0.000000