0 0.951562 0.922222 0.948438 0.927778 0.946875 0.989815 0.951562 0.998148 0.989583 0.996296 0.995313 0.978704 0.995313 0.965741 0.985417 0.937963 0.972917 0.915741 0.963021 0.915741 0.959375 0.922222
0 0.597917 0.717593 0.593229 0.732407 0.593229 0.747222 0.601562 0.758333 0.606250 0.757407 0.608333 0.755556 0.617188 0.751852 0.619792 0.738889 0.619792 0.736111 0.614062 0.722222 0.610938 0.720370 0.607292 0.720370 0.606771 0.719444 0.603125 0.719444
0 0.508854 0.702778 0.503646 0.714815 0.513542 0.806481 0.527604 0.821296 0.542188 0.819444 0.553125 0.800000 0.557292 0.797222 0.566667 0.800000 0.571354 0.791667 0.571354 0.757407 0.573438 0.753704 0.573438 0.734259 0.577083 0.716667 0.577083 0.701852 0.574479 0.693519 0.568750 0.689815 0.553125 0.689815 0.551042 0.693519 0.521875 0.689815
0 0.416146 0.648148 0.415625 0.649074 0.408333 0.651852 0.405729 0.660185 0.407813 0.674074 0.414062 0.685185 0.420833 0.684259 0.426563 0.677778 0.426563 0.666667 0.422917 0.656481
0 0.796875 0.575000 0.779687 0.575000 0.756250 0.634259 0.711458 0.600000 0.693750 0.602778 0.669271 0.652778 0.665104 0.738889 0.691667 0.779630 0.722396 0.786111 0.725521 0.822222 0.744271 0.855556 0.791146 0.838889 0.825000 0.761111 0.825000 0.711111 0.814583 0.693519 0.767708 0.707407 0.750000 0.721296 0.738542 0.745370 0.733333 0.733333 0.746354 0.702778 0.804167 0.669444 0.803646 0.607407
0 0.617708 0.491667 0.613021 0.500000 0.613021 0.507407 0.614583 0.510185 0.614583 0.513889 0.619271 0.522222 0.627083 0.522222 0.631771 0.513889 0.631771 0.500000 0.629687 0.496296 0.629687 0.493519 0.628646 0.491667 0.627083 0.491667 0.625521 0.488889 0.622917 0.488889 0.621354 0.491667
0 0.583854 0.443519 0.562500 0.437037 0.552604 0.461111 0.536458 0.461111 0.514062 0.475000 0.497917 0.471296 0.488542 0.477778 0.476042 0.500000 0.475521 0.512963 0.493750 0.556481 0.495312 0.589815 0.499479 0.603704 0.527604 0.603704 0.537500 0.585185 0.550000 0.591667 0.574479 0.577778 0.585938 0.591667 0.593229 0.586111 0.594792 0.562963 0.602604 0.551852 0.602604 0.537963 0.594271 0.515741
0 0.801042 0.429630 0.778646 0.469444 0.777083 0.487963 0.786979 0.504630 0.816146 0.518519 0.817708 0.546296 0.809896 0.576852 0.809896 0.587037 0.814063 0.592593 0.822396 0.593519 0.834896 0.586111 0.846354 0.570370 0.855208 0.564815 0.864062 0.546296 0.864062 0.531481 0.860417 0.525000 0.860417 0.511111 0.853125 0.495370 0.847917 0.468519 0.841667 0.463889 0.827604 0.463889 0.820833 0.454630 0.816667 0.439815 0.810417 0.439815
0 0.340104 0.287037 0.337500 0.291667 0.337500 0.312963 0.340104 0.317593 0.348958 0.315741 0.352604 0.309259 0.352604 0.299074 0.347917 0.290741 0.344792 0.289815 0.344271 0.288889 0.342708 0.288889 0.342187 0.287963 0.340625 0.287963
0 0.270833 0.139815 0.273438 0.153704 0.280729 0.161111 0.286458 0.161111 0.286979 0.160185 0.293229 0.160185 0.294271 0.159259 0.299479 0.143519 0.299479 0.141667 0.295312 0.127778 0.282813 0.127778
0 0.415625 0.212037 0.417187 0.367593 0.447396 0.442593 0.465104 0.438889 0.477083 0.463889 0.487500 0.464815 0.502604 0.428704 0.508854 0.364815 0.543229 0.324074 0.561979 0.347222 0.561979 0.385185 0.573958 0.413889 0.610938 0.452778 0.629687 0.413889 0.623437 0.362963 0.636458 0.379630 0.654167 0.362963 0.685937 0.373148 0.729688 0.329630 0.723958 0.240741 0.666667 0.162963 0.649479 0.100926 0.616667 0.060185 0.610938 0.100926 0.597396 0.116667 0.573958 0.047222 0.543229 0.026852 0.528125 0.029630 0.489063 0.085185 0.478646 0.155556
0 0.376563 0.000926 0.386458 0.018519 0.392188 0.042593 0.396354 0.050000 0.400521 0.053704 0.415625 0.050926 0.428646 0.025000 0.428646 0.007407 0.424479 0.000000