0 0.000521 0.887963 0.000000 0.986111 0.021354 0.986111 0.031771 0.980556 0.040104 0.965741 0.040104 0.950926 0.042188 0.944444 0.046875 0.941667 0.025521 0.898148 0.016146 0.895370 0.009896 0.887963
0 0.386979 0.842593 0.382812 0.846296 0.376563 0.861111 0.376563 0.892593 0.372396 0.912963 0.381250 0.928704 0.391667 0.935185 0.409375 0.934259 0.415625 0.925926 0.417187 0.920370 0.417187 0.902778 0.422917 0.892593 0.424479 0.879630 0.428646 0.875000 0.432292 0.863889 0.430208 0.857407 0.425521 0.852778 0.417187 0.852778 0.406250 0.842593
0 0.000000 0.809259 0.000000 0.871296 0.015625 0.866667 0.030208 0.847222 0.030208 0.837037 0.023438 0.825000 0.002604 0.808333
0 0.997917 0.794444 0.994271 0.794444 0.986458 0.804630 0.974479 0.804630 0.966667 0.794444 0.965104 0.797222 0.959375 0.797222 0.944271 0.813889 0.927083 0.848148 0.925521 0.862963 0.927083 0.882407 0.931771 0.890741 0.935937 0.890741 0.941146 0.897222 0.953125 0.897222 0.955208 0.900926 0.969792 0.899074 0.975521 0.889815 0.984375 0.887037 0.992188 0.860185 0.998958 0.850926
0 0.182812 0.799074 0.173958 0.783333 0.167708 0.783333 0.166146 0.780556 0.164583 0.783333 0.158854 0.783333 0.142187 0.809259 0.142187 0.826852 0.144792 0.831481 0.152604 0.831481 0.154688 0.835185 0.169271 0.833333 0.180208 0.820370 0.182812 0.812037
0 0.657292 0.739815 0.652083 0.727778 0.617188 0.725000 0.613542 0.721296 0.602083 0.731481 0.582292 0.731481 0.571875 0.739815 0.564063 0.763889 0.565625 0.795370 0.574479 0.811111 0.585938 0.821296 0.593750 0.824074 0.615625 0.821296 0.638542 0.793519 0.644792 0.789815 0.653125 0.775000 0.653125 0.761111 0.657292 0.750000
0 0.338021 0.717593 0.331250 0.729630 0.327604 0.742593 0.325521 0.785185 0.338021 0.803704 0.340104 0.800000 0.351562 0.800000 0.356771 0.809259 0.356771 0.816667 0.361458 0.831481 0.371354 0.831481 0.378125 0.837963 0.390104 0.832407 0.401042 0.812037 0.395313 0.795370 0.395313 0.780556 0.387500 0.760185 0.387500 0.732407 0.385937 0.726852 0.375000 0.721296 0.367188 0.707407 0.355729 0.707407 0.349479 0.714815
0 0.017188 0.650000 0.025521 0.668519 0.031771 0.668519 0.041146 0.678704 0.050000 0.676852 0.057813 0.666667 0.057813 0.660185 0.053646 0.656481 0.039583 0.627778 0.027083 0.627778 0.018750 0.639815
0 0.340104 0.572222 0.329688 0.595370 0.331250 0.603704 0.342187 0.621296 0.332292 0.624074 0.318750 0.620370 0.306250 0.635185 0.306250 0.647222 0.312500 0.663889 0.325521 0.674074 0.334375 0.696296 0.337500 0.699074 0.359375 0.696296 0.366146 0.681481 0.366146 0.662963 0.346875 0.630556 0.364063 0.628704 0.368229 0.618519 0.368229 0.594444 0.361979 0.575926 0.353646 0.578704 0.350000 0.572222
0 0.167708 0.527778 0.169271 0.537963 0.177604 0.550000 0.194792 0.549074 0.201042 0.547222 0.206250 0.537963 0.206250 0.532407 0.199479 0.523148 0.186979 0.516667 0.185417 0.516667 0.183333 0.520370 0.170313 0.523148
0 0.482812 0.439815 0.471875 0.462963 0.468229 0.501852 0.477604 0.525000 0.442708 0.566667 0.440625 0.603704 0.462500 0.643519 0.483333 0.632407 0.506771 0.649074 0.503646 0.687963 0.515625 0.706481 0.544792 0.716667 0.613542 0.710185 0.623437 0.688889 0.638021 0.689815 0.645312 0.674074 0.631250 0.651852 0.593750 0.634259 0.593750 0.623148 0.638542 0.630556 0.676562 0.608333 0.647917 0.553704 0.610417 0.517593 0.614062 0.474074 0.606771 0.428704 0.546875 0.398148 0.516146 0.408333
0 0.442708 0.346296 0.435937 0.325926 0.423958 0.311111 0.418229 0.311111 0.415625 0.315741 0.415625 0.340741 0.431250 0.362037 0.429688 0.366667 0.412500 0.350000 0.402604 0.350000 0.400521 0.346296 0.373437 0.349074 0.368750 0.354630 0.370312 0.375000 0.376042 0.387963 0.396875 0.404630 0.406250 0.403704 0.433854 0.390741 0.442708 0.374074 0.444271 0.365741
0 0.348958 0.275000 0.351042 0.299074 0.361458 0.317593 0.370312 0.324074 0.379688 0.323148 0.381771 0.319444 0.381771 0.291667 0.375521 0.280556 0.371354 0.276852 0.359375 0.276852 0.357292 0.273148
0 0.100521 0.275926 0.091146 0.302778 0.091146 0.319444 0.097396 0.340741 0.105729 0.349074 0.128125 0.347222 0.135937 0.337037 0.137500 0.328704 0.137500 0.298148 0.133854 0.288889 0.133854 0.281481 0.127083 0.269444 0.122396 0.266667 0.113021 0.266667
0 0.391146 0.151852 0.388021 0.160185 0.388021 0.170370 0.394792 0.178704 0.403646 0.176852 0.407292 0.166667 0.407292 0.160185 0.400521 0.151852
0 0.158854 0.134259 0.156250 0.124074 0.146875 0.124074 0.144792 0.127778 0.136458 0.127778 0.129688 0.134259 0.123438 0.134259 0.109896 0.144444 0.105208 0.152778 0.105208 0.160185 0.111979 0.172222 0.127604 0.185185 0.147396 0.184259 0.157292 0.156481 0.157292 0.138889
0 0.636979 0.023148 0.629167 0.023148 0.624479 0.031481 0.624479 0.045370 0.613021 0.062963 0.613021 0.078704 0.614583 0.087037 0.624479 0.100926 0.625521 0.112963 0.639583 0.111111 0.643750 0.103704 0.647396 0.087963 0.645833 0.058333 0.641667 0.046296 0.641667 0.028704
0 0.916667 0.005556 0.911458 0.014815 0.910417 0.031481 0.909896 0.032407 0.909896 0.040741 0.911458 0.049074 0.916146 0.057407 0.925000 0.055556 0.932813 0.045370 0.932813 0.035185 0.928646 0.027778 0.927083 0.018519 0.919792 0.005556
0 0.898958 0.000000 0.889583 0.000000 0.875521 0.002778 0.872396 0.013889 0.874479 0.037963 0.880729 0.046296 0.893750 0.045370 0.896354 0.043519 0.903125 0.028704 0.901563 0.004630
0 0.462500 0.037963 0.462500 0.050000 0.466146 0.065741 0.482292 0.081481 0.507292 0.079630 0.511979 0.074074 0.523438 0.071296 0.530208 0.056481 0.528646 0.039815 0.522396 0.021296 0.520833 0.008333 0.516146 0.000000 0.479167 0.000000 0.476562 0.002778 0.470833 0.023148 0.467187 0.026852
0 0.166146 0.000000 0.165625 0.010185 0.169271 0.013889 0.167708 0.081481 0.170833 0.092593 0.181250 0.105556 0.193750 0.109259 0.195833 0.112963 0.225000 0.109259 0.236458 0.099074 0.241146 0.090741 0.243229 0.075926 0.251042 0.059259 0.248958 0.025000 0.245833 0.019444 0.240104 0.019444 0.227604 0.000000