0 0.163542 0.943519 0.156250 0.931481 0.145833 0.922222 0.140104 0.930556 0.125000 0.940741 0.118229 0.933333 0.106250 0.938889 0.098437 0.967593 0.101042 0.988889 0.104688 0.991667 0.113021 0.991667 0.121354 0.988889 0.127604 0.983333 0.137500 0.986111 0.146354 0.983333 0.153125 0.975926 0.158854 0.974074 0.161458 0.969444 0.165104 0.955556
0 0.615625 0.833333 0.613542 0.838889 0.612500 0.845370 0.613542 0.846296 0.613542 0.850000 0.615625 0.854630 0.616667 0.859259 0.621875 0.862037 0.622396 0.861111 0.624479 0.862963 0.630729 0.863889 0.631771 0.861111 0.631771 0.859259 0.632292 0.858333 0.632812 0.859259 0.632812 0.857407 0.633333 0.856481 0.633854 0.857407 0.634896 0.853704 0.634896 0.850000 0.634375 0.849074 0.634896 0.848148 0.634375 0.847222 0.633854 0.838889 0.632292 0.836111 0.629167 0.834259 0.627604 0.831481 0.626042 0.831481 0.623958 0.827778 0.622396 0.826852 0.621354 0.828704 0.620313 0.828704
0 0.690625 0.820370 0.668750 0.883333 0.681771 0.933333 0.703646 0.959259 0.698438 0.982407 0.700521 0.998148 0.789062 0.998148 0.797917 0.965741 0.792708 0.945370 0.754687 0.925926 0.724479 0.937037 0.722917 0.925000 0.738021 0.909259 0.783333 0.924074 0.790625 0.919444 0.802083 0.873148 0.803125 0.842593 0.788542 0.831481 0.760417 0.862963 0.732812 0.807407 0.718750 0.797222
0 0.809896 0.781481 0.819271 0.798148 0.829167 0.810185 0.829688 0.817593 0.825521 0.834259 0.812500 0.854630 0.810937 0.859259 0.811979 0.865741 0.819271 0.874074 0.831250 0.875926 0.840625 0.871296 0.850521 0.873148 0.856250 0.865741 0.861458 0.864815 0.863542 0.853704 0.861979 0.845370 0.865104 0.835185 0.863542 0.825926
0 0.542708 0.762037 0.539062 0.763889 0.536979 0.769444 0.536979 0.773148 0.538021 0.774074 0.538021 0.784259 0.539062 0.785185 0.541667 0.796296 0.540625 0.822222 0.544271 0.832407 0.544792 0.837963 0.550521 0.842593 0.554688 0.837963 0.561979 0.822222 0.558333 0.811111 0.558854 0.806481 0.555729 0.794444 0.554167 0.783333 0.543229 0.764815
0 0.058333 0.759259 0.055729 0.770370 0.058854 0.785185 0.058854 0.800926 0.059896 0.801852 0.064062 0.818519 0.065625 0.820370 0.069271 0.819444 0.075000 0.814815 0.078125 0.814815 0.083854 0.806481 0.093229 0.800000 0.095833 0.788889 0.092708 0.777778 0.087500 0.769444 0.082292 0.763889 0.080208 0.763889 0.070312 0.755556 0.063021 0.755556
0 0.991146 0.715741 0.986979 0.719444 0.981250 0.727778 0.979167 0.736111 0.979688 0.737037 0.978125 0.739815 0.979167 0.748148 0.979167 0.758333 0.980729 0.762037 0.982292 0.773148 0.986458 0.775000 0.989062 0.778704 0.989583 0.777778 0.997917 0.785185 0.999479 0.785185 0.999479 0.718519 0.998437 0.719444 0.996875 0.717593
0 0.214062 0.687037 0.205729 0.718519 0.196354 0.719444 0.183333 0.708333 0.181250 0.716667 0.183333 0.724074 0.176563 0.733333 0.189583 0.744444 0.195312 0.756481 0.186458 0.786111 0.187500 0.792593 0.220833 0.816667 0.227604 0.811111 0.233854 0.792593 0.234896 0.768519 0.196354 0.735185 0.236458 0.763889 0.245312 0.749074 0.249479 0.727778 0.245833 0.712963
0 0.730729 0.695370 0.727083 0.708333 0.727604 0.712037 0.751042 0.732407 0.764583 0.741667 0.770312 0.749074 0.773438 0.750000 0.767708 0.732407 0.763021 0.727778 0.763021 0.724074 0.760938 0.719444 0.760938 0.713889 0.757812 0.702778 0.757292 0.692593 0.758333 0.686111 0.757292 0.681481 0.754167 0.677778 0.736458 0.687037
0 0.677083 0.670370 0.677083 0.672222 0.676562 0.673148 0.677083 0.674074 0.677083 0.677778 0.676042 0.678704 0.676042 0.680556 0.678125 0.686111 0.678125 0.688889 0.680729 0.690741 0.681771 0.692593 0.683333 0.692593 0.683854 0.693519 0.684896 0.693519 0.688021 0.690741 0.689583 0.690741 0.689583 0.688889 0.690104 0.687037 0.691146 0.686111 0.691667 0.684259 0.690625 0.680556 0.689583 0.679630 0.688021 0.679630 0.684896 0.676852 0.684375 0.677778 0.681771 0.674074 0.678646 0.671296 0.677604 0.671296
0 0.665625 0.652778 0.659375 0.652778 0.646354 0.661111 0.643750 0.660185 0.631250 0.678704 0.622396 0.681481 0.615104 0.691667 0.614062 0.702778 0.615625 0.714815 0.626042 0.730556 0.632292 0.755556 0.640625 0.724074 0.648438 0.716667 0.651563 0.703704 0.656250 0.702778 0.660417 0.697222 0.663021 0.684259 0.660417 0.671296 0.661979 0.657407 0.676042 0.668519
0 0.470313 0.625926 0.459375 0.658333 0.463021 0.692593 0.469792 0.708333 0.475000 0.711111 0.490104 0.740741 0.479687 0.732407 0.475521 0.735185 0.473958 0.745370 0.478646 0.766667 0.484375 0.775000 0.498958 0.771296 0.497396 0.750926 0.490104 0.740741 0.504167 0.751852 0.509896 0.747222 0.517188 0.759259 0.537500 0.757407 0.542188 0.737963 0.542188 0.681481 0.539583 0.662037 0.529687 0.646296 0.496875 0.623148 0.479687 0.618519
0 0.000521 0.507407 0.000000 0.570370 0.008333 0.574074 0.018229 0.585185 0.000000 0.575000 0.000521 0.633333 0.002083 0.633333 0.001563 0.628704 0.006250 0.617593 0.008333 0.601852 0.016146 0.600000 0.030729 0.610185 0.033333 0.602778 0.030729 0.597222 0.035417 0.595370 0.037500 0.587037 0.024479 0.575926 0.019792 0.565741 0.019271 0.559259 0.024479 0.547222 0.025000 0.537963 0.028125 0.534259 0.027604 0.527778
0 0.120833 0.521296 0.119271 0.532407 0.120313 0.539815 0.125521 0.550000 0.129167 0.550926 0.144792 0.565741 0.148438 0.566667 0.148958 0.564815 0.152604 0.564815 0.156250 0.562037 0.159375 0.551852 0.155729 0.537037 0.155208 0.524074 0.156250 0.523148 0.155208 0.522222 0.150521 0.502778 0.148958 0.500926 0.140625 0.503704 0.135417 0.509259 0.133854 0.508333 0.127604 0.517593
0 0.244271 0.441667 0.233333 0.454630 0.227604 0.480556 0.229167 0.488889 0.232813 0.499074 0.239583 0.505556 0.245833 0.533333 0.245833 0.547222 0.260937 0.555556 0.267188 0.554630 0.271354 0.550926 0.275521 0.537963 0.271354 0.502778 0.260417 0.482407 0.254688 0.457407 0.249479 0.445370
0 0.530729 0.437963 0.529687 0.439815 0.527604 0.439815 0.527083 0.440741 0.526563 0.438889 0.523958 0.440741 0.523438 0.439815 0.522917 0.440741 0.522396 0.439815 0.521875 0.440741 0.520312 0.440741 0.517708 0.450926 0.519271 0.467593 0.522396 0.469444 0.523958 0.472222 0.526042 0.474074 0.526563 0.473148 0.528125 0.475000 0.529167 0.473148 0.531771 0.472222 0.532292 0.470370 0.534375 0.468519 0.536458 0.462037 0.536458 0.459259 0.536979 0.458333 0.536979 0.455556 0.536458 0.454630 0.536979 0.450000 0.535937 0.447222 0.533854 0.444444 0.532813 0.441667 0.533333 0.440741
0 0.689583 0.436111 0.686979 0.445370 0.688021 0.458333 0.694792 0.463889 0.704167 0.461111 0.712500 0.469444 0.713542 0.481481 0.716667 0.486111 0.737500 0.501852 0.741146 0.486111 0.739583 0.472222 0.730729 0.456481 0.724479 0.451852 0.716146 0.430556 0.709375 0.428704 0.704688 0.424074 0.698958 0.430556 0.697396 0.429630
0 0.886979 0.405556 0.878125 0.420370 0.878646 0.423148 0.878125 0.433333 0.880208 0.439815 0.890625 0.446296 0.891146 0.445370 0.897396 0.447222 0.901563 0.446296 0.901042 0.445370 0.902604 0.442593 0.903646 0.442593 0.903646 0.440741 0.905729 0.437963 0.905208 0.432407 0.903646 0.429630 0.905208 0.420370 0.904687 0.413889 0.901563 0.412037 0.897396 0.405556 0.895833 0.405556 0.894792 0.403704
0 0.539062 0.344444 0.536458 0.344444 0.535937 0.346296 0.535417 0.345370 0.532813 0.346296 0.532292 0.345370 0.529687 0.347222 0.520833 0.362963 0.522396 0.376852 0.526563 0.387037 0.529167 0.387963 0.533333 0.385185 0.533854 0.386111 0.534375 0.385185 0.534896 0.386111 0.537500 0.385185 0.539062 0.383333 0.541667 0.374074 0.540625 0.369444 0.543229 0.359259 0.542188 0.350926 0.539583 0.347222
0 0.116667 0.350926 0.113542 0.340741 0.113021 0.331481 0.101562 0.328704 0.101562 0.330556 0.086979 0.336111 0.073438 0.334259 0.055208 0.347222 0.049479 0.366667 0.051562 0.376852 0.057292 0.387963 0.068229 0.398148 0.072396 0.390741 0.082812 0.386111 0.089583 0.379630 0.096875 0.386111 0.107813 0.381481
0 0.910937 0.318519 0.902083 0.329630 0.902604 0.334259 0.901563 0.352778 0.903646 0.355556 0.903646 0.357407 0.904687 0.358333 0.904167 0.359259 0.904687 0.361111 0.905729 0.362037 0.906250 0.361111 0.910417 0.365741 0.916667 0.369444 0.921354 0.363889 0.923958 0.358333 0.924479 0.359259 0.927083 0.356481 0.927604 0.341667 0.925521 0.337037 0.923958 0.336111 0.919792 0.325926 0.917708 0.325000 0.914583 0.320370
0 0.788021 0.061111 0.792708 0.086111 0.802604 0.100000 0.814583 0.100000 0.816667 0.098148 0.822396 0.103704 0.833854 0.106481 0.843750 0.100926 0.844271 0.094444 0.847396 0.086111 0.826042 0.064815 0.823958 0.064815 0.818229 0.071296 0.810417 0.063889 0.809375 0.064815 0.803646 0.050000 0.797396 0.044444 0.793750 0.050000 0.791667 0.050000
0 0.457292 0.011111 0.457813 0.012037 0.456771 0.012963 0.457292 0.014815 0.456771 0.016667 0.457813 0.019444 0.457292 0.020370 0.458333 0.024074 0.457813 0.025000 0.458854 0.027778 0.458333 0.029630 0.465104 0.035185 0.469271 0.044444 0.471875 0.045370 0.473958 0.048148 0.480729 0.046296 0.481250 0.047222 0.484896 0.040741 0.486458 0.039815 0.487500 0.024074 0.485938 0.021296 0.485938 0.019444 0.480208 0.011111 0.477604 0.009259 0.470833 0.010185 0.465625 0.005556 0.460938 0.007407