0 0.509896 0.890741 0.509375 0.901852 0.510417 0.904630 0.509896 0.907407 0.509896 0.921296 0.510938 0.925926 0.510417 0.932407 0.513021 0.937963 0.521875 0.935185 0.534375 0.918519 0.529167 0.897222 0.525000 0.891667 0.521354 0.890741 0.515104 0.891667 0.513542 0.889815
0 0.040625 0.948148 0.043229 0.971296 0.048438 0.964815 0.056250 0.964815 0.051042 0.998148 0.102604 0.997222 0.119792 0.979630 0.120833 0.975000 0.114062 0.909259 0.105729 0.893519 0.086458 0.880556 0.074479 0.880556 0.053125 0.904630 0.050521 0.918519 0.060417 0.933333 0.050521 0.948148 0.043229 0.943519
0 0.172917 0.882407 0.168750 0.877778 0.154167 0.876852 0.146875 0.887963 0.140625 0.892593 0.139063 0.905556 0.122396 0.932407 0.123438 0.964815 0.125000 0.967593 0.137500 0.967593 0.140104 0.962963 0.145833 0.962963 0.148438 0.966667 0.177083 0.964815 0.182812 0.954630 0.184896 0.925926 0.184375 0.920370 0.178646 0.911111
0 0.769271 0.822222 0.767188 0.834259 0.769271 0.837037 0.776042 0.884259 0.781771 0.894444 0.794271 0.900000 0.793750 0.908333 0.785417 0.908333 0.780729 0.923148 0.787500 0.941667 0.793229 0.949074 0.802604 0.949074 0.808333 0.956481 0.833333 0.958333 0.842187 0.945370 0.844792 0.920370 0.831250 0.887037 0.831250 0.871296 0.826562 0.845370 0.807292 0.808333 0.801042 0.807407 0.797396 0.814815 0.787500 0.814815 0.781771 0.825000
0 0.477604 0.882407 0.467708 0.870370 0.457813 0.823148 0.448958 0.807407 0.409375 0.808333 0.395833 0.837037 0.397917 0.855556 0.384375 0.875000 0.381250 0.894444 0.372917 0.894444 0.367708 0.874074 0.342187 0.874074 0.322396 0.891667 0.301042 0.887037 0.292187 0.893519 0.275000 0.948148 0.282813 0.973148 0.280208 0.992593 0.313542 0.999074 0.432812 0.996296 0.469792 0.940741 0.467187 0.919444
0 0.841146 0.715741 0.841146 0.716667 0.838542 0.720370 0.837500 0.724074 0.838542 0.737037 0.840625 0.740741 0.843750 0.743519 0.845833 0.748148 0.853646 0.748148 0.861979 0.734259 0.861979 0.727778 0.856250 0.717593 0.853125 0.717593 0.850521 0.714815 0.847917 0.714815 0.843750 0.712963
0 0.554688 0.641667 0.552083 0.646296 0.554167 0.676852 0.546354 0.705556 0.548438 0.719444 0.558333 0.737037 0.559896 0.753704 0.552083 0.761111 0.548438 0.776852 0.540104 0.767593 0.527604 0.773148 0.519271 0.792593 0.519271 0.807407 0.522917 0.813889 0.537500 0.811111 0.550521 0.816667 0.564583 0.803704 0.578646 0.803704 0.585417 0.819444 0.596354 0.826852 0.600521 0.819444 0.594792 0.805556 0.602083 0.789815 0.615104 0.793519 0.623958 0.771296 0.621354 0.757407 0.626042 0.750000 0.626042 0.737037 0.621875 0.729630 0.623958 0.708333 0.619271 0.694444 0.618229 0.663889 0.609375 0.658333 0.588542 0.658333 0.577604 0.647222 0.565625 0.649074
0 0.293750 0.645370 0.291146 0.641667 0.283333 0.641667 0.274479 0.634259 0.267188 0.637963 0.253125 0.661111 0.240104 0.669444 0.231771 0.681481 0.230208 0.694444 0.223958 0.712037 0.223958 0.725926 0.248958 0.740741 0.254688 0.739815 0.266146 0.728704 0.274479 0.727778 0.288542 0.700000 0.293750 0.672222
0 0.309375 0.593519 0.305208 0.585185 0.303646 0.586111 0.294792 0.586111 0.290104 0.591667 0.288542 0.604630 0.291146 0.613889 0.293229 0.614815 0.296875 0.619444 0.306771 0.618519 0.307812 0.617593 0.309375 0.612963
0 0.484375 0.533333 0.446354 0.519444 0.438021 0.527778 0.404687 0.533333 0.395313 0.545370 0.373437 0.555556 0.357812 0.582407 0.351042 0.620370 0.365104 0.666667 0.364063 0.692593 0.372396 0.712037 0.372917 0.744444 0.393229 0.752778 0.434896 0.745370 0.450521 0.721296 0.486458 0.696296 0.498437 0.664815 0.514583 0.646296 0.513021 0.606481 0.498958 0.594444 0.497917 0.572222
0 0.585417 0.400926 0.583333 0.424074 0.589063 0.434259 0.591146 0.441667 0.595313 0.447222 0.600000 0.448148 0.614062 0.458333 0.625521 0.459259 0.630208 0.458333 0.636979 0.449074 0.642188 0.437963 0.641667 0.428704 0.636979 0.412037 0.616667 0.402778 0.612500 0.395370 0.602083 0.388889 0.592187 0.387963
0 0.442188 0.331481 0.438021 0.328704 0.435417 0.330556 0.431250 0.337037 0.425521 0.336111 0.423438 0.337963 0.418229 0.346296 0.409896 0.351852 0.402083 0.368519 0.404687 0.373148 0.408854 0.371296 0.422917 0.369444 0.431771 0.362963 0.440625 0.347222
0 0.908854 0.293519 0.871354 0.297222 0.860938 0.312037 0.864583 0.351852 0.860417 0.364815 0.847917 0.366667 0.841146 0.378704 0.846875 0.401852 0.845833 0.445370 0.827083 0.454630 0.819792 0.482407 0.823438 0.543519 0.816146 0.611111 0.833333 0.637037 0.858333 0.647222 0.875000 0.691667 0.922917 0.649074 0.925000 0.620370 0.942708 0.576852 0.940625 0.517593 0.956250 0.496296 0.956250 0.461111 0.973437 0.438889 0.968750 0.412037 0.952083 0.398148 0.967708 0.387037 0.946354 0.362963 0.936458 0.380556 0.930729 0.337037 0.934375 0.315741
0 0.323958 0.283333 0.316146 0.283333 0.309896 0.279630 0.291667 0.283333 0.283854 0.296296 0.280208 0.314815 0.271354 0.325926 0.271354 0.333333 0.262500 0.350926 0.262500 0.369444 0.269271 0.383333 0.289062 0.382407 0.292708 0.379630 0.301042 0.362963 0.301042 0.341667 0.304688 0.338889 0.308854 0.328704 0.318750 0.331481 0.321354 0.326852 0.322917 0.310185 0.329167 0.295370
0 0.418750 0.300000 0.410417 0.287963 0.410938 0.277778 0.408333 0.273148 0.402604 0.272222 0.395313 0.279630 0.390625 0.290741 0.384896 0.290741 0.382812 0.294444 0.373437 0.290741 0.369271 0.298148 0.361458 0.300000 0.344271 0.318519 0.334375 0.318519 0.331771 0.323148 0.335417 0.339815 0.333333 0.347222 0.333854 0.369444 0.350000 0.369444 0.355208 0.351852 0.358333 0.353704 0.360938 0.362963 0.372396 0.369444 0.380729 0.355556 0.392708 0.319444 0.395313 0.324074 0.405729 0.323148 0.418750 0.306481
0 0.465625 0.238889 0.458854 0.238889 0.450521 0.250926 0.447396 0.260185 0.441667 0.263889 0.438021 0.280556 0.426563 0.302778 0.427604 0.304630 0.428125 0.317593 0.439063 0.315741 0.440625 0.310185 0.451042 0.291667 0.454688 0.289815 0.465104 0.293519 0.472396 0.284259 0.473438 0.277778 0.471354 0.268519 0.467708 0.260185 0.468229 0.247222
0 0.378646 0.253704 0.387500 0.253704 0.396875 0.244444 0.400521 0.245370 0.410417 0.223148 0.414062 0.223148 0.421875 0.210185 0.431771 0.213889 0.437500 0.206481 0.441667 0.210185 0.451042 0.209259 0.453646 0.225000 0.467708 0.226852 0.469792 0.222222 0.469792 0.210185 0.460417 0.192593 0.451562 0.187037 0.442708 0.175926 0.418229 0.178704 0.411979 0.186111 0.408333 0.175926 0.395833 0.173148 0.391667 0.178704 0.390625 0.195370 0.384375 0.210185 0.384896 0.222222 0.378646 0.236111
0 0.854688 0.338889 0.841146 0.258333 0.775000 0.167593 0.770312 0.128704 0.757812 0.117593 0.660417 0.134259 0.630729 0.201852 0.586979 0.217593 0.543229 0.207407 0.519792 0.227778 0.501563 0.266667 0.504167 0.282407 0.535937 0.287037 0.539583 0.311111 0.567187 0.325000 0.583854 0.351852 0.627604 0.351852 0.665625 0.331481 0.671354 0.375000 0.655729 0.398148 0.655208 0.425000 0.669792 0.445370 0.687500 0.425926 0.722917 0.432407 0.730208 0.411111 0.781771 0.356481 0.832812 0.373148
0 0.348438 0.145370 0.338542 0.115741 0.332292 0.116667 0.330208 0.120370 0.321354 0.108333 0.305208 0.106481 0.295312 0.120370 0.285938 0.120370 0.275521 0.131481 0.270833 0.142593 0.265104 0.166667 0.265104 0.174074 0.267708 0.179630 0.285417 0.168519 0.286458 0.176852 0.289583 0.182407 0.303125 0.163889 0.303646 0.153704 0.308854 0.147222 0.317188 0.151852 0.324479 0.168519 0.338021 0.168519
0 0.403646 0.087037 0.408333 0.099074 0.413542 0.101852 0.416146 0.112963 0.420312 0.112963 0.434896 0.136111 0.444271 0.143519 0.466667 0.137037 0.469271 0.125000 0.493229 0.132407 0.507812 0.100926 0.514062 0.056481 0.470833 0.048148 0.455208 0.050000 0.450000 0.041667 0.430208 0.057407 0.427083 0.063889 0.431250 0.073148 0.428125 0.082407 0.420833 0.069444 0.412500 0.064815 0.410417 0.075926