0 0.095312 0.983333 0.095312 0.993519 0.099479 0.998148 0.167187 0.996296 0.172917 0.972222 0.171354 0.944444 0.165104 0.933333 0.123438 0.929630 0.120833 0.934259 0.122396 0.940741 0.120833 0.949074 0.122396 0.972222 0.115625 0.981481
0 0.930729 0.883333 0.923438 0.909259 0.923438 0.924074 0.926042 0.928704 0.929688 0.925000 0.945312 0.925000 0.948438 0.930556 0.943750 0.943519 0.939063 0.945370 0.940104 0.950000 0.946875 0.951852 0.946875 0.958333 0.942708 0.965741 0.949479 0.974074 0.966146 0.975926 0.976562 0.970370 0.981250 0.959259 0.981250 0.930556 0.977604 0.921296 0.977604 0.913889 0.961979 0.888889 0.957292 0.887963 0.951042 0.880556 0.933854 0.880556
0 0.902083 0.801852 0.903646 0.823148 0.910417 0.838889 0.922396 0.849074 0.930208 0.862963 0.934375 0.865741 0.945312 0.862963 0.950521 0.853704 0.952083 0.845370 0.952083 0.826852 0.945312 0.814815 0.919792 0.797222 0.904687 0.797222
0 0.000521 0.791667 0.000000 0.864815 0.013021 0.864815 0.019792 0.859259 0.024479 0.850926 0.024479 0.837037 0.016146 0.822222 0.013021 0.810185
0 0.415625 0.750000 0.415625 0.761111 0.419792 0.771296 0.428125 0.783333 0.432812 0.784259 0.441146 0.783333 0.447396 0.775926 0.450000 0.768519 0.448437 0.757407 0.443750 0.749074 0.418229 0.745370
0 0.848958 0.747222 0.851562 0.754630 0.864583 0.768519 0.870313 0.772222 0.884896 0.772222 0.888021 0.775926 0.894271 0.773148 0.895312 0.769444 0.894792 0.766667 0.888021 0.758333 0.872917 0.727778 0.868229 0.725000 0.857812 0.727778
0 0.494271 0.721296 0.491667 0.725926 0.491667 0.733333 0.495312 0.746296 0.503646 0.757407 0.508854 0.784259 0.519271 0.800000 0.526042 0.799074 0.530208 0.788889 0.532292 0.767593 0.511979 0.731481
0 0.078125 0.662037 0.077604 0.701852 0.088021 0.716667 0.097917 0.716667 0.113021 0.743519 0.115625 0.754630 0.130208 0.753704 0.139063 0.748148 0.145313 0.737037 0.145313 0.718519 0.143229 0.711111 0.128646 0.682407 0.113542 0.673148 0.100000 0.651852 0.091667 0.644444 0.086458 0.644444
0 0.487500 0.718519 0.487500 0.695370 0.471875 0.643519 0.471875 0.636111 0.463021 0.616667 0.449479 0.610185 0.405729 0.613889 0.386979 0.624074 0.378646 0.641667 0.376563 0.685185 0.380208 0.698148 0.391146 0.717593 0.401562 0.726852 0.408333 0.726852 0.430729 0.744444 0.450521 0.743519 0.455208 0.734259 0.461458 0.734259 0.467187 0.740741
0 0.591146 0.498148 0.575000 0.522222 0.566146 0.551852 0.557813 0.562963 0.552083 0.580556 0.554167 0.594444 0.560417 0.605556 0.573958 0.612037 0.589063 0.634259 0.603125 0.639815 0.609375 0.647222 0.624479 0.645370 0.629687 0.638889 0.629687 0.632407 0.641667 0.607407 0.643229 0.584259 0.645312 0.580556 0.645312 0.554630 0.642188 0.543519 0.622917 0.509259 0.597917 0.495370
0 0.681250 0.468519 0.677083 0.483333 0.677083 0.500000 0.683854 0.515741 0.712500 0.539815 0.722396 0.537963 0.730208 0.533333 0.737500 0.520370 0.739062 0.503704 0.727083 0.488889 0.720833 0.488889 0.705729 0.458333 0.704167 0.448148 0.701562 0.443519 0.697396 0.443519
0 0.397917 0.390741 0.390625 0.387963 0.380208 0.400000 0.380208 0.412963 0.386979 0.428704 0.397917 0.426852 0.403125 0.417593 0.403125 0.402778 0.400000 0.394444
0 0.372396 0.280556 0.370833 0.280556 0.362500 0.292593 0.358854 0.316667 0.364063 0.328704 0.371354 0.335185 0.374479 0.333333 0.383854 0.323148 0.383854 0.309259 0.381771 0.305556 0.381771 0.291667 0.377083 0.283333
0 0.961458 0.273148 0.954688 0.294444 0.954688 0.310185 0.959896 0.325926 0.968750 0.341667 0.991667 0.339815 0.998958 0.326852 0.998958 0.299074 0.993229 0.288889 0.993229 0.277778 0.990104 0.269444 0.984896 0.262963 0.972917 0.262963 0.968750 0.270370
0 0.559896 0.243519 0.559896 0.257407 0.564583 0.268519 0.572917 0.268519 0.582292 0.258333 0.593750 0.258333 0.600000 0.272222 0.629687 0.270370 0.629687 0.250000 0.622917 0.237963 0.617188 0.231481 0.602083 0.228704 0.586979 0.214815 0.572396 0.217593
0 0.998958 0.125000 0.996354 0.120370 0.972917 0.125000 0.955208 0.137963 0.950521 0.146296 0.950521 0.156481 0.955208 0.164815 0.960417 0.167593 0.968229 0.183333 0.976042 0.188889 0.988021 0.187037 0.998958 0.176852
0 0.757292 0.058333 0.761979 0.075000 0.765104 0.077778 0.775521 0.076852 0.788542 0.068519 0.791667 0.051852 0.788021 0.045370 0.785417 0.030556 0.769792 0.026852 0.763021 0.035185
0 0.191146 0.000926 0.197396 0.015741 0.205729 0.015741 0.212500 0.022222 0.216146 0.022222 0.222396 0.020370 0.227083 0.014815 0.230208 0.000000