0 0.509375 0.892593 0.510417 0.932407 0.513021 0.937963 0.521875 0.935185 0.534375 0.918519 0.529687 0.899074 0.525000 0.891667 0.511458 0.889815
0 0.040625 0.948148 0.043229 0.970370 0.048438 0.964815 0.056250 0.965741 0.050521 0.996296 0.103125 0.996296 0.120313 0.978704 0.120313 0.955556 0.116146 0.941667 0.114062 0.909259 0.108333 0.896296 0.085938 0.880556 0.074479 0.880556 0.053125 0.904630 0.050521 0.918519 0.052604 0.924074 0.056771 0.925000 0.059896 0.934259 0.051042 0.947222 0.043229 0.943519
0 0.172917 0.882407 0.168750 0.877778 0.154167 0.877778 0.150000 0.885185 0.141667 0.890741 0.138542 0.905556 0.122396 0.931481 0.122396 0.962037 0.125000 0.966667 0.136979 0.966667 0.139063 0.962963 0.146354 0.962963 0.148438 0.966667 0.177083 0.964815 0.182812 0.954630 0.184375 0.946296 0.184375 0.920370 0.178646 0.910185
0 0.769792 0.822222 0.767188 0.834259 0.775000 0.882407 0.781771 0.894444 0.794271 0.900000 0.793229 0.908333 0.785417 0.908333 0.782292 0.914815 0.780729 0.925000 0.784896 0.937963 0.792708 0.949074 0.802604 0.949074 0.808854 0.956481 0.833333 0.958333 0.842708 0.944444 0.844792 0.920370 0.831250 0.887037 0.831250 0.868519 0.825521 0.841667 0.806771 0.808333 0.801042 0.808333 0.797396 0.814815 0.787500 0.814815 0.781771 0.825000
0 0.477604 0.882407 0.467187 0.870370 0.457813 0.823148 0.448958 0.807407 0.409896 0.808333 0.395833 0.837037 0.397917 0.854630 0.384375 0.875000 0.381250 0.894444 0.372917 0.894444 0.367188 0.874074 0.339583 0.874074 0.322396 0.891667 0.301042 0.887963 0.291667 0.894444 0.284375 0.912037 0.275000 0.955556 0.282813 0.973148 0.280729 0.993519 0.285417 0.998148 0.434896 0.996296 0.469792 0.940741 0.467708 0.916667
0 0.843750 0.712963 0.838542 0.720370 0.837500 0.724074 0.838542 0.737037 0.845833 0.748148 0.854167 0.748148 0.861979 0.734259 0.861979 0.727778 0.856250 0.717593
0 0.554688 0.641667 0.552083 0.646296 0.554167 0.677778 0.546354 0.705556 0.548438 0.719444 0.558333 0.737037 0.559896 0.753704 0.552083 0.761111 0.548958 0.776852 0.539583 0.766667 0.527604 0.773148 0.519271 0.791667 0.519271 0.806481 0.523438 0.813889 0.537500 0.811111 0.551042 0.817593 0.564583 0.803704 0.578125 0.803704 0.586979 0.822222 0.596354 0.826852 0.600521 0.819444 0.600521 0.812963 0.594792 0.805556 0.601562 0.789815 0.615104 0.793519 0.623958 0.771296 0.621875 0.757407 0.626042 0.750000 0.626042 0.737037 0.621875 0.729630 0.623958 0.708333 0.619792 0.698148 0.618229 0.663889 0.609375 0.658333 0.589063 0.658333 0.578125 0.648148
0 0.293750 0.646296 0.291146 0.641667 0.283333 0.641667 0.273438 0.634259 0.267708 0.637963 0.251563 0.662963 0.240104 0.669444 0.231771 0.681481 0.230208 0.694444 0.223958 0.712037 0.223958 0.725926 0.248958 0.740741 0.254688 0.739815 0.264062 0.730556 0.273438 0.727778 0.288542 0.700000 0.293750 0.672222
0 0.290104 0.591667 0.288542 0.604630 0.291146 0.612963 0.296875 0.619444 0.306771 0.618519 0.307812 0.617593 0.309375 0.612037 0.309375 0.593519 0.305208 0.586111 0.294792 0.586111
0 0.482812 0.530556 0.444792 0.520370 0.420833 0.533333 0.404687 0.533333 0.395313 0.545370 0.373437 0.554630 0.356771 0.584259 0.351042 0.619444 0.364583 0.665741 0.364583 0.694444 0.372396 0.712037 0.372917 0.744444 0.392708 0.751852 0.434896 0.745370 0.450000 0.723148 0.486458 0.696296 0.494792 0.671296 0.514583 0.646296 0.512500 0.607407 0.498958 0.594444 0.496875 0.569444
0 0.585417 0.400000 0.583333 0.424074 0.595313 0.447222 0.617188 0.460185 0.630208 0.458333 0.636979 0.449074 0.641667 0.437963 0.641667 0.427778 0.636979 0.412037 0.616667 0.402778 0.611458 0.394444 0.603646 0.388889 0.592187 0.387963
0 0.442188 0.330556 0.438021 0.328704 0.431771 0.336111 0.425521 0.336111 0.418229 0.346296 0.408854 0.352778 0.402083 0.368519 0.404687 0.373148 0.408854 0.371296 0.422917 0.369444 0.431771 0.362963 0.440625 0.347222
0 0.911979 0.293519 0.871354 0.297222 0.860938 0.312037 0.861458 0.362963 0.841146 0.378704 0.847396 0.402778 0.845313 0.447222 0.829167 0.452778 0.819792 0.482407 0.823438 0.543519 0.816146 0.611111 0.834375 0.637037 0.857292 0.646296 0.875000 0.691667 0.922917 0.649074 0.924479 0.622222 0.942187 0.577778 0.940625 0.516667 0.956250 0.496296 0.956250 0.461111 0.973437 0.438889 0.968750 0.412963 0.952083 0.398148 0.967708 0.387037 0.946875 0.362963 0.936458 0.381481 0.930729 0.337037 0.934375 0.315741
0 0.323958 0.283333 0.316146 0.283333 0.314583 0.280556 0.291667 0.283333 0.284375 0.296296 0.280729 0.312963 0.270833 0.326852 0.270833 0.334259 0.263021 0.350926 0.261458 0.359259 0.263021 0.371296 0.269792 0.383333 0.288542 0.382407 0.295833 0.375000 0.301563 0.362037 0.300000 0.344444 0.305208 0.337963 0.308333 0.328704 0.318750 0.331481 0.321354 0.326852 0.322917 0.310185 0.329167 0.295370
0 0.418750 0.299074 0.410938 0.287963 0.410938 0.277778 0.408333 0.273148 0.402604 0.273148 0.395313 0.279630 0.390625 0.290741 0.384896 0.290741 0.382812 0.294444 0.373437 0.290741 0.369271 0.298148 0.361458 0.300926 0.344271 0.318519 0.334375 0.318519 0.331771 0.323148 0.335417 0.339815 0.333333 0.347222 0.334375 0.369444 0.350000 0.369444 0.355729 0.351852 0.361458 0.362963 0.373958 0.368519 0.384375 0.346296 0.392708 0.320370 0.395833 0.324074 0.408333 0.321296 0.418750 0.305556
0 0.465104 0.238889 0.458854 0.238889 0.453125 0.246296 0.446875 0.260185 0.441667 0.262963 0.439063 0.277778 0.427083 0.302778 0.428125 0.317593 0.438542 0.315741 0.446875 0.298148 0.453125 0.289815 0.465104 0.293519 0.471875 0.284259 0.473438 0.277778 0.467708 0.261111 0.467708 0.243519
0 0.378646 0.253704 0.387500 0.253704 0.396875 0.244444 0.400521 0.244444 0.410417 0.224074 0.414062 0.224074 0.421875 0.210185 0.433854 0.212963 0.437500 0.206481 0.441667 0.210185 0.451042 0.210185 0.453646 0.224074 0.467187 0.226852 0.469792 0.222222 0.469792 0.209259 0.460417 0.192593 0.451562 0.187037 0.443229 0.175926 0.418229 0.179630 0.411979 0.186111 0.408333 0.175926 0.395833 0.173148 0.391667 0.178704 0.390104 0.195370 0.384375 0.211111 0.384375 0.222222 0.378646 0.236111
0 0.854167 0.338889 0.839583 0.255556 0.785417 0.169444 0.775000 0.167593 0.770312 0.128704 0.758333 0.117593 0.660417 0.134259 0.638542 0.190741 0.619271 0.211111 0.542708 0.207407 0.519792 0.227778 0.501563 0.269444 0.504167 0.282407 0.532292 0.283333 0.539583 0.311111 0.567187 0.325000 0.583854 0.351852 0.627604 0.351852 0.666146 0.331481 0.671354 0.375000 0.655729 0.400000 0.655729 0.425000 0.670312 0.444444 0.687500 0.425926 0.722917 0.432407 0.781771 0.355556 0.832292 0.373148
0 0.348438 0.145370 0.338021 0.116667 0.332292 0.116667 0.330208 0.120370 0.324479 0.110185 0.305208 0.106481 0.295312 0.120370 0.287500 0.120370 0.274479 0.133333 0.265104 0.166667 0.265104 0.174074 0.268229 0.178704 0.285417 0.168519 0.286458 0.176852 0.289583 0.182407 0.303646 0.163889 0.303646 0.153704 0.308854 0.147222 0.316667 0.150926 0.324479 0.168519 0.338021 0.168519
0 0.403646 0.087037 0.408333 0.099074 0.413542 0.101852 0.416146 0.112963 0.420312 0.112963 0.434896 0.136111 0.444271 0.143519 0.456771 0.137037 0.466667 0.137037 0.469792 0.125000 0.492708 0.132407 0.507292 0.103704 0.514062 0.056481 0.470833 0.048148 0.455208 0.050926 0.451042 0.040741 0.431771 0.054630 0.427083 0.062963 0.431250 0.073148 0.428125 0.081481 0.420312 0.068519 0.412500 0.064815